Sample_ID,Metabolite_1,Metabolite_2,Metabolite_3,Metabolite_4,Metabolite_5,Metabolite_6,Metabolite_7,Metabolite_8,Metabolite_9,Metabolite_10,Metabolite_11,Metabolite_12,Metabolite_13,Metabolite_14,Metabolite_15,Metabolite_16,Metabolite_17,Metabolite_18,Metabolite_19,Metabolite_20,Metabolite_21,Metabolite_22,Metabolite_23,Metabolite_24,Metabolite_25,Metabolite_26,Metabolite_27,Metabolite_28,Metabolite_29,Metabolite_30,Metabolite_31,Metabolite_32,Metabolite_33,Metabolite_34,Metabolite_35,Metabolite_36,Metabolite_37,Metabolite_38,Metabolite_39,Metabolite_40,Metabolite_41,Metabolite_42,Metabolite_43,Metabolite_44,Metabolite_45,Metabolite_46,Metabolite_47,Metabolite_48,Metabolite_49,Metabolite_50,Metabolite_51,Metabolite_52,Metabolite_53,Metabolite_54,Metabolite_55,Metabolite_56,Metabolite_57,Metabolite_58,Metabolite_59,Metabolite_60,Metabolite_61,Metabolite_62,Metabolite_63,Metabolite_64,Metabolite_65,Metabolite_66,Metabolite_67,Metabolite_68,Metabolite_69,Metabolite_70,Metabolite_71,Metabolite_72,Metabolite_73,Metabolite_74,Metabolite_75,Metabolite_76,Metabolite_77,Metabolite_78,Metabolite_79,Metabolite_80,Metabolite_81,Metabolite_82,Metabolite_83,Metabolite_84,Metabolite_85,Metabolite_86,Metabolite_87,Metabolite_88,Metabolite_89,Metabolite_90,Metabolite_91,Metabolite_92,Metabolite_93,Metabolite_94,Metabolite_95,Metabolite_96,Metabolite_97,Metabolite_98,Metabolite_99,Metabolite_100,Metabolite_101,Metabolite_102,Metabolite_103,Metabolite_104,Metabolite_105,Metabolite_106,Metabolite_107,Metabolite_108,Metabolite_109,Metabolite_110,Metabolite_111,Metabolite_112,Metabolite_113,Metabolite_114,Metabolite_115,Metabolite_116,Metabolite_117,Metabolite_118,Metabolite_119,Metabolite_120,Metabolite_121,Metabolite_122,Metabolite_123,Metabolite_124,Metabolite_125,Metabolite_126,Metabolite_127,Metabolite_128,Metabolite_129,Metabolite_130,Metabolite_131,Metabolite_132,Metabolite_133,Metabolite_134,Metabolite_135,Metabolite_136,Metabolite_137,Metabolite_138,Metabolite_139,Metabolite_140,Metabolite_141,Metabolite_142,Metabolite_143,Metabolite_144,Metabolite_145,Metabolite_146,Metabolite_147,Metabolite_148,Metabolite_149,Metabolite_150,Metabolite_151,Metabolite_152,Metabolite_153,Metabolite_154,Metabolite_155,Metabolite_156,Metabolite_157,Metabolite_158,Metabolite_159,Metabolite_160,Metabolite_161,Metabolite_162,Metabolite_163,Metabolite_164,Metabolite_165,Metabolite_166,Metabolite_167,Metabolite_168,Metabolite_169,Metabolite_170,Metabolite_171,Metabolite_172,Metabolite_173,Metabolite_174,Metabolite_175,Metabolite_176,Metabolite_177,Metabolite_178,Metabolite_179,Metabolite_180,Metabolite_181,Metabolite_182,Metabolite_183,Metabolite_184,Metabolite_185,Metabolite_186,Metabolite_187,Metabolite_188,Metabolite_189,Metabolite_190,Metabolite_191,Metabolite_192,Metabolite_193,Metabolite_194,Metabolite_195,Metabolite_196,Metabolite_197,Metabolite_198,Metabolite_199,Metabolite_200
Sample_1,428.251102,3142.193497,0.516407803,8.805640536,36040.23297,449.3000053,2968.220969,7253.721846,34.07210605,0.077977336,0.962326586,3.160594814,58528.15751,,0.26706286,35879.75627,39.94474849,4293.713304,0.522449793,1.427150329,,409.5516424,25465.96562,0.150917648,9356.715544,0.01840219,0.056479908,6.073232897,1451.3571,,0.44936563,6882.694899,59.4178145,4.656387946,0.015942583,9538.472646,22.18155123,1317.333752,1011.880412,2.37549228,,3.264629797,144.2575337,11.20436369,,21.47680516,19.09598261,9380.337799,0.74575483,3152.886101,86.49774345,0.255873905,40.48407095,0.063614795,8972.009038,,1.469786446,1.07430777,0.037281349,0.367433111,480.7140182,4.369619263,0.302323793,32639.52858,0.008827744,3605.799082,74.34060797,3.751307502,18289.21462,2192.583655,401.9952646,1.281780202,0.290553344,997.5515124,78.34907037,8103.69402,1.260838167,6295.783326,0.508235806,28.52353735,9.385361823,4.574963441,89.81403232,0.152836557,1.634185797,0.633909003,1242.914725,4766.297976,0.7570543,,0.718245147,162.6234899,0.041170376,869.6212857,181.1618972,3536.066277,6142.270518,4.447264376,619.7563974,,1.061423367,1259.090449,0.138904361,,1.994249508,,4171.990771,3.626170422,72.53083474,0.092161082,,236.7846902,89.62074209,429.411138,,2223.212903,2249.996359,1.021545041,18576.88854,6683.236134,0.828441148,447614.0212,182744.1258,27.24616082,72764.46529,0.238868679,38.11161938,26.171666,0.234842728,0.041551003,121.9091936,4206.560408,1029.512129,0.75541618,22.21053899,,25.23184851,14682.96463,6.545664231,669.5421879,2.870529371,7.998970087,,46.04438787,3745.401338,0.197497858,0.755414306,4529.646258,0.238814404,145876.5629,,4.283046443,0.16804663,210.3949178,80137.40733,839.521097,0.490943929,324.9480887,2243.494065,25220.10907,258.6346044,73.57996551,5810.0703,2086.93963,530.1484519,30244.93866,3.069520373,,439.7656838,122.3206954,123.8426444,0.49661623,3994.669026,2.135510267,,2.978644093,12282.42545,0.39159088,17.07621739,0.56394246,204923.4309,5.694740841,1.346252258,0.670785407,7.175981171,0.362010015,3136.675406,11.10807087,0.455513923,0.086360778,0.184764508,5073.144032,0.134219781,184.7221582,,7875.33611,0.427648027,105.6219891,7953.802691,1.358499646
Sample_2,243.4957754,94.76294958,0.481766689,8.791061708,12645.93045,7552.310438,498.2510906,5650.655221,9.831005742,,,0.121334272,31095.23691,22.40427903,0.006277589,9827.666715,39.56986356,8623.197786,1.911148651,0.277260663,0.023459022,1095.098643,77807.98587,0.808007432,12241.64447,1.107541688,1.327856391,10.80428481,984.6805058,0.011263806,0.459531622,7324.623678,81.53968668,0.524240772,0.021232591,30032.76766,75.78126572,7009.718312,2269.463089,,35.26466787,9.524126661,294.0895571,21.03234958,66.97035762,107.7885005,36.05434919,7234.499252,0.457100848,8360.250084,16.27185006,0.068484491,5.542556098,0.17043736,459.4068298,1.981160196,2.106693871,0.535203318,0.08606288,0.362184827,344.7792139,1.387074995,0.224280787,,0.739413373,3118.884142,100.6959775,1.4402417,22834.10327,3595.753709,488.4519974,4.138469649,0.731261134,9837.604309,20.38716648,65329.45701,3.912480571,5474.062443,0.303879601,50.26381505,8.207484761,1.011109547,79.31229456,0.259299828,99.0891903,0.119353926,254.6160209,3979.565956,0.533805056,0.79642278,0.276864529,98.82812427,0.036647927,306.9582888,53.28842173,3268.191097,947.197982,3.307798452,2781.283363,,0.885120743,9776.904325,0.635761855,37283.28608,36.0248012,3.44133698,4327.778246,4.697333694,1802.582665,1.406478788,,51.23607122,35.85791527,1444.766243,7.134950498,1343.8902,188.1246525,1.784706287,6062.104675,3493.011177,0.068033738,243156.6156,567615.7395,,110431.4813,0.04307649,81.9982876,5.636754712,0.596257988,0.99667327,112.6926952,13489.70587,,0.794234635,76.73645796,0.027651417,,5760.061541,10.41631056,528.7598498,2.585627391,1.621746878,4.340833666,13.73844276,8299.556948,0.036287363,1.243725187,,0.224815387,435684.4751,29908.20854,5.786712619,0.057689463,547.5008193,89542.32874,1132.755518,0.807101669,675.6430964,6421.715488,,,99.22669317,8563.930565,5836.223874,16.86109294,1229.262274,5.595839216,2.283778827,375.1489602,569.7947479,222.1165888,0.643326611,59992.66644,10.3124037,,,2774.681889,0.005092616,12.43776639,2.589257919,105891.9942,,2.808506248,0.895484071,12.99432576,0.469925253,252.0025796,14.76784079,0.256578861,0.059784286,0.028536922,3107.074094,0.014863328,193.0693956,0.002316743,3538.123894,3.176486401,47.11579618,4115.266207,0.223573915
Sample_3,125.6808001,2262.898784,0.073361748,2.048101724,126025.6614,1348.439543,1634.280714,10654.74378,27.76720996,0.390370599,0.437538033,3.498503047,76726.7743,44.09277172,0.417442217,96645.00525,41.51763197,5963.556023,,0.043118115,0.289110391,1039.173785,63540.544,0.812438162,17994.98253,,0.126012044,5.48478935,1041.599698,0.97140228,2.741494738,,8.118673791,10.74231361,,10722.0165,22.19059726,9.015752651,1546.885172,0.861779371,84.6966496,3.96496317,217.0181428,4.197963049,24.54489127,159.882499,43.46098817,3902.456478,0.776815971,3934.673644,9.838613509,0.744358735,2.027516952,0.123386516,1360.153223,5.350398882,,0.242019644,,7.890394559,31.86969872,2.749771023,0.631291691,102162.4474,0.075842778,3493.64659,17.48831672,1.768243341,48525.10639,7665.834591,140.0913601,0.350580549,0.730942034,,13.08052814,18589.12808,6.302868313,6948.809262,0.324228304,,,3.90407918,106.8246959,1.68255807,,0.391925955,401.7058827,2436.060246,1.115100531,0.12619369,0.500497316,142.6444786,0.030505691,2343.805196,26.5489787,8452.978849,9553.59818,15.44355266,1084.765582,0.257890503,0.167402605,1908.941671,0.074957523,4843.016435,1.19079835,9.409586259,9883.875899,5.793727066,168.6320243,4.688042204,1.435034292,,136.1941529,794.9821664,2.509071739,9191.574092,268.5892679,0.324359177,17614.27056,,,,439251.2871,16.25097161,58898.39002,0.634523582,65.27932573,3.95650855,0.287577002,0.121721892,125.6266303,30724.8418,83.93051861,0.900257988,107.3812095,,92.69490758,3988.006723,87.41026001,390.3648319,0.111409939,,5.529320735,0.954655196,10956.29601,0.349620309,0.554194871,7277.417237,0.092783208,117710.6643,51601.51075,4.444992924,0.071876487,803.1737991,12756.76726,,0.034884944,700.1770831,9721.474628,74891.77278,214.5519654,,2005.700205,500.4844804,662.5027377,11328.92944,,1.753177074,41.47392756,197.7115462,163.3499886,0.250827999,26729.66947,33.97894987,242162.2725,4.050700018,4154.244418,0.348055109,5.072164311,3.288197635,204442.1833,0.953190755,6.893798013,0.786257991,9.251506041,0.46855926,85.00489846,10.28986353,0.035541619,0.122269428,0.078771731,2052.924861,,,0.134753785,1756.278583,2.067642179,,8209.882196,0.833829822
Sample_4,200.806957,7198.277964,0.326432594,31.38849543,40924.4304,842.120983,1096.44035,7495.475558,,0.144271369,1.474623353,0.637751419,9184.576856,23.78228203,0.51345852,61764.6744,62.21563447,5791.299029,0.206795928,0.003116399,0.134735366,303.1254805,26790.24993,0.80734605,36743.88858,0.034376073,1.147875286,11.08391253,71.83159406,,1.326280916,905.0786292,67.82022726,9.782703307,0.098904951,18977.46864,18.83481213,630.9260149,458.4163511,3.821233006,93.36260103,14.28718596,261.1105222,2.103727393,77.86884756,65.67770692,6.960819474,8826.593083,0.781779323,257.1021611,6.596088828,0.140460145,7.830466586,0.005182945,4212.649423,2.925155378,0.306916204,0.209939108,0.179720568,4.008687018,253.1236898,2.115878384,,107827.0362,0.24543623,2406.459575,82.0765254,2.524961343,15369.56131,3908.2198,194.8981747,3.101460351,0.552683998,2537.941877,31.90264165,20088.47071,5.480783522,677.8917036,0.079459345,44.37436838,,5.913383259,44.32498836,0.167894977,75.72489223,0.999991307,928.4110539,1802.5885,,,0.652995809,1138.341797,0.020214372,501.7777222,42.14129861,6318.374694,3064.455292,16.71636994,104.67103,0.118318033,0.493400168,,0.597823783,59075.00335,21.92338831,,2710.865691,5.238326658,494.0076259,0.289271786,1.159081898,102.3328447,22.13089324,1494.969288,6.511298745,7380.226243,506.7718321,1.12349082,5078.958568,6769.547439,0.097517046,322479.2984,353071.2901,20.28449252,78030.76442,0.76493132,6.160563484,5.067866247,0.398669998,1.038563018,6.377379732,17098.44562,45.34773553,0.42169583,85.19211479,,124.4238591,2466.317431,106.735976,251.6312442,0.036041804,0.992664343,0.498628791,7.93896895,8024.839149,0.898069062,0.883959272,626.0404797,0.142052796,,26568.95633,4.611594581,0.183340762,574.233556,28514.85446,14687.82337,0.732964138,545.7285198,8060.28307,17959.52688,,37.60361906,5134.693314,3293.251544,854.1859066,4797.204418,4.082188485,0.281029137,,470.4283308,224.9576518,0.550702662,2374.079637,3.003854053,169981.2174,1.515034994,3394.914179,0.985520358,130.3314166,1.805108121,63648.01574,9.135614553,,0.461749796,7.840455372,0.325093346,2244.47371,10.84490756,0.383445218,0.45606646,0.048563053,673.9626259,2.858951669,520.2965405,0.071924265,7491.215964,0.291693101,1531.57424,2507.359474,0.071807993
Sample_5,85.08925001,1556.636666,0.541160109,1.857360909,47459.70015,5149.677322,120.3174133,822.4065503,2.001522363,0.339577836,0.298445762,,44342.34211,78.91351266,0.286197962,692.2199701,,1644.605698,0.133144811,0.198417652,0.019520208,354.9176218,,0.509193463,15545.27504,0.22059969,6.022901536,3.006308095,212.1926117,0.382194293,2.650656115,1657.188968,6.475993074,4.145002036,0.021470075,48282.7018,44.05231665,,2673.233621,0.803901709,1.425744356,30.65208282,487.2574519,22.89617326,70.85121943,12.42178922,32.1576321,9400.003039,1.068140579,3842.842922,112.8278498,0.417634787,4.575985666,0.097883702,2927.466911,3.50372123,,0.531634541,0.125423937,3.860826476,59.84003955,4.372783972,0.906403787,34914.75904,0.341239609,6131.57155,99.37342758,1.510483362,32492.8669,7405.430629,156.7428259,2.676899656,0.192770691,4477.375171,25.25242683,22910.06169,0.080334167,12746.55321,1.03084149,75.53384046,,0.493098636,41.71295748,0.572161374,37.50166666,1.047987414,512.5711469,,0.559180775,0.139575394,0.021686719,124.5678394,0.107010247,1232.83488,64.34697161,2121.274545,3379.713086,1.830029487,701.6571527,0.5045361,0.139664825,8012.502287,,17897.64593,18.18202647,1.593206509,,0.766485615,339.0950066,7.934787416,0.008576094,251.6005398,143.1755908,353.6573303,3.713562727,4189.998614,128.2336847,0.260131564,43810.4128,8351.998497,0.435808944,9156.892158,174369.641,28.36832009,223263.2236,0.270793836,41.8467614,7.546967535,0.179979556,0.005762353,28.53360326,41774.86233,288.5068776,0.257555776,552.5584658,0.125158017,161.4982048,2686.627469,61.38094045,669.0614319,3.610021553,2.31862623,3.91875525,19.51961779,,0.004747228,0.287574202,1621.299148,0.142241667,,12229.53919,0.280352183,0.02390131,230.3088399,63585.76895,5016.422488,0.681040303,10.14466547,2692.982593,63256.79412,270.0792353,45.84479984,6264.25296,4802.226297,119.504896,63792.15125,2.199963229,5.358578733,34.59988259,180.8567417,265.3586992,0.155296917,8387.694197,0.533664215,30132.88614,2.121188641,1489.89078,,66.9981797,6.837881932,51898.51212,0.342910276,1.850647672,0.564707135,16.96202819,1.427282147,531.4746741,17.61227811,,0.221848272,0.040297509,,0.371108712,293.2322597,0.446688237,6185.221046,6.006846162,3713.612727,,1.778145009
Sample_6,599.6107929,1463.212394,0.233869346,12.43378537,11260.83716,3515.29937,934.363859,5987.275984,3.637836914,0.531570867,1.025642007,0.646939027,82389.96251,72.26539803,1.357224501,68392.10372,24.42317046,5918.96701,0.048277014,0.098417662,0.118383084,3507.173482,47468.79394,0.970001231,22781.79974,0.05409469,,1.909570698,610.3900728,0.665939977,5.346477898,6695.586073,65.52784707,0.276864814,0.040667217,390.0142541,44.99966512,4205.838702,582.1430449,1.725183905,54.83032997,32.15044409,743.3194123,10.77535224,36.08424072,44.56528406,129.6242944,933.6508004,0.102544626,8279.782688,75.87924809,0.846801331,26.60796372,,8551.922536,0.059281794,5.660854068,0.346684307,0.179580036,4.298813787,369.6476217,1.260247382,0.871280897,95640.53576,1.335421174,6206.404698,26.83390225,2.891269726,19106.87156,1042.270495,104.6152516,2.922551965,0.262033469,8564.630552,10.04594584,44405.46897,3.240707188,6587.944497,0.240105568,24.08719323,2.339761798,2.661079932,80.16649808,1.087064497,,0.796188289,1551.372769,1085.720312,0.257199122,0.863433741,0.005307221,168.6953225,0.015449932,474.2426364,5.354453553,,1167.801305,26.84157574,,,0.91490705,1972.805735,0.122672432,12250.89424,54.74024113,0.381049106,14018.06099,0.167207851,556.2349216,0.733139965,0.259930477,417.5644343,20.82823929,708.1761533,7.226187661,846.5921352,14.96133662,1.284307179,15948.73532,5166.861517,0.902051371,127994.9865,361643.2024,93.67089433,177672.0541,0.813872777,33.14684436,8.424689496,0.431051168,0.665561406,21.24713536,26674.89258,19.28887581,0.573595344,269.0522885,0.080936074,49.56778846,9336.867777,118.1901827,144.0686621,2.829831564,2.929724671,3.391461789,1.645882518,7113.544379,0.022197991,0.369448359,490.5489865,0.316868021,22887.75806,29369.00103,1.240974723,0.062563335,815.4593516,10097.5957,759.1548449,0.471384852,358.0640515,5853.080614,11725.92674,41.97819142,88.68504958,7481.150788,5728.598462,337.7580929,17897.29166,2.903819058,2.808015596,100.5138435,166.8154099,654.6643083,0.705780874,4778.050559,1.112947214,53015.31852,6.791805955,5040.47988,0.498104921,160.6210871,3.34234284,58334.04934,0.824105513,8.997697656,0.411579262,15.4596763,0.019275773,2796.848913,4.363629624,0.396239643,0.041913033,0.239512833,4855.74828,3.197412165,446.2247675,0.436424744,5608.025554,3.607010368,1079.981063,5201.37928,0.807924199
Sample_7,164.8233913,2965.796725,0.056620594,8.08367345,11390.19426,239.2472441,3893.345883,3698.761032,6.282120432,0.136766429,0.503438826,0.993801908,8004.79657,29.19320859,1.443198068,87260.12541,77.61236765,3956.322678,0.105235704,0.057549262,0.209836616,966.1472791,18474.14157,0.386644966,85004.66181,0.945622841,1.844001067,12.48681879,191.6963275,0.352820785,0.182758988,9259.164852,94.92437251,26.56598886,0.509462613,28508.78611,,523.6853746,69.94040965,1.214167867,49.98607148,17.09938927,256.7328321,9.0330705,37.89698051,22.51153452,,2369.689197,0.369099082,4089.663385,,0.479731328,18.69246092,0.102627741,,4.784135507,,0.669467941,0.113673958,1.475822577,,2.787785145,1.117736973,,0.943488882,11434.98339,33.92313242,4.121079454,272.9808639,2674.571629,69.65447661,7.609532478,0.569061839,3881.186582,21.28359634,55680.92443,,2077.851196,0.919926194,82.61232377,21.53668871,1.284456264,,0.250377654,54.53101292,,2173.696035,6459.510813,,,0.240359147,1922.666921,0.164621862,243.3990941,12.34787996,2810.02512,4251.917257,16.50180792,1244.062413,0.674311203,0.410372575,8097.623031,0.302324297,47458.73833,37.34931399,3.008581951,2654.367465,5.892142598,707.1503801,2.737482425,0.301185222,416.5574381,15.23181158,635.0421406,2.1707395,8456.903795,12.04700888,0.646280672,,6852.105702,0.856382394,,,57.13178387,,0.436670138,,5.668328896,0.133960407,0.166616507,33.68057517,19586.67661,294.157546,,569.3176699,,27.41350673,7113.951287,,206.2926746,4.116271003,1.65442105,0.761296752,6.938904056,2203.086869,0.111163745,0.689881335,416.7857858,0.118966081,192650.3934,,5.039558556,0.12208228,165.5472043,16008.85934,5731.296414,0.396806025,15.22087337,,29938.09993,107.0900284,41.43931676,1142.660836,11294.99827,186.60669,17552.01762,,5.295733117,17.7499799,107.6088112,312.916022,0.595313925,23245.22249,7.177613768,240327.795,2.188798382,4815.834494,0.753996841,97.57521033,2.845790302,29903.24459,,4.566250259,0.756560158,8.416940368,0.563187227,566.7078706,2.046952014,,0.04161753,0.496669041,8175.673032,5.071457752,127.3715654,0.069053149,9687.094292,1.294218215,491.8697647,7575.045545,0.097816796
Sample_8,67.31227232,622.2472359,0.08139856,,32749.19286,4630.772022,3261.156284,9542.711371,2.561630086,1.033621427,1.531746873,2.874852691,1403.598619,,0.260022749,19020.72914,12.30745381,5442.34365,0.752695529,0.129356474,0.103914443,330.9197924,75606.92383,0.360146066,15481.29054,1.834127683,1.5216542,20.54510065,4800.533115,,,1247.035259,3.182301332,10.60371903,0.08697095,22047.57022,17.6895382,645.7066248,1585.692859,5.671174518,2.794397714,8.983649038,55.62879252,0.098161394,121.1852799,,76.14230689,5625.46611,0.4157356,9625.673423,170.1554098,0.811694423,,0.001147432,8492.934915,0.791958115,2.540132801,0.480572247,0.102068731,2.194919392,,5.471781297,0.049716953,74952.12992,0.018571948,7993.547012,22.86556876,7.417450096,21425.86556,2458.721377,81.70633096,0.818428239,0.282393121,4267.943587,31.96777326,139443.3871,0.970604025,8524.448207,0.341104574,88.69663226,0.28538841,1.346820291,49.86638127,0.701661807,50.57938903,0.56836791,1144.230696,2090.686272,0.748554329,1.720176995,0.50516123,591.5634515,0.029807146,1100.830017,77.05013113,6503.091638,11728.88941,15.04681189,1282.480297,0.240314306,0.929740558,4388.465434,0.097819144,7766.605511,13.21255081,,637.2631042,4.786780485,733.4035393,1.200880195,,,40.61181435,576.6628235,1.457060739,1110.341172,1278.995702,0.794461416,,4405.135546,0.645833098,531388.4033,,39.83652546,16906.42892,0.372197917,2.671603857,13.70612677,0.038358705,1.105125585,43.19297881,2449.600704,416.83835,0.197981672,117.7404503,0.137393642,67.6154018,4465.421806,,349.4671676,0.412358887,,1.330215607,5.362966795,1175.153682,0.058565055,0.568033567,2068.553966,1.449077905,167682.4686,48679.46899,3.036600228,0.000865098,,29232.68677,2063.077502,0.892983171,345.0536513,2772.169958,19302.35258,416.2943273,108.7689469,9752.176278,2086.492546,88.78067222,55801.55377,0.016754021,2.058645132,259.1286661,971.2546094,73.72007185,,54018.2082,9.772429595,537504.3385,2.41282654,193.6501061,0.661315812,11.38703346,6.176256897,214112.7643,2.040691131,5.780070056,0.182859555,8.084274495,0.263578707,189.5500793,0.818375388,0.511583549,0.398206171,0.182851064,5183.706523,3.923488383,151.9859387,0.089602349,,2.700060687,646.6747901,10768.54971,1.589941804
Sample_9,183.6704383,1022.713745,,7.248729565,,803.097598,272.7156696,5052.141894,,0.806656214,0.51458959,1.269637052,38961.58612,84.77479895,1.177485685,26277.04112,50.03506545,1839.517987,0.587695655,0.248537518,0.100224306,697.3170777,43603.95185,0.54048572,66295.62317,0.159585092,2.61812729,7.46923991,646.6993306,0.727658815,0.324795893,1300.009338,69.15757551,,0.010650546,45973.36036,37.95179084,891.1613662,719.5555596,0.331723986,25.68243391,9.47456444,159.3105272,15.89778253,158.4019657,56.62727032,27.31186094,7806.259194,0.295269185,9531.03766,83.14593889,0.846272456,18.82498281,0.096567426,,5.990215618,1.596662872,0.470202688,0.0103909,2.161785133,756.4505062,1.238121243,0.553829674,,0.636458196,5024.048086,36.20974843,4.976108637,62534.60395,2306.380586,185.9751552,3.206860469,0.340722378,,1.748839006,29808.69549,1.080678768,3334.220333,0.12799486,,3.276219746,1.3199488,68.26297084,0.958142802,42.01189352,0.032285665,520.2745159,1570.666128,0.4826816,0.520812114,0.731988049,106.8576502,0.015992352,2014.775604,51.55402249,6404.057777,7107.570422,18.88110373,878.6666739,0.971871113,0.273270531,4863.962793,0.406505898,62603.62484,26.05350061,0.890729389,1989.903082,2.938676448,,3.32462196,1.081774206,470.4881308,87.00436261,1892.720667,15.30085078,9172.819904,115.7174772,,6182.932282,7866.002274,0.541926591,14465.82796,144054.8778,35.97497469,80727.56906,0.327398126,69.59598667,0.802986564,0.085943407,1.178505845,54.16650807,4497.228181,610.4834069,0.554436995,156.7361381,0.199538775,53.55668533,6663.026408,141.5849353,376.5663631,1.662224931,4.829552252,0.566055833,2.057843677,5401.279707,0.178714514,,870.4516482,0.622497722,356863.7425,,0.056981146,0.043473019,143.1405944,,3710.095985,0.85043504,1557.467481,7720.9911,14376.02466,5.082263067,2.595650603,5484.248435,2298.627525,269.4217576,74150.77855,6.32271376,7.606397114,203.0184371,620.9649155,24.37624301,0.520415589,38628.31238,26.81113238,94181.83375,5.469871666,5825.907256,0.345383568,5.184079733,2.38374847,115801.3307,1.95514828,0.895464624,0.93901766,4.221324008,0.251410893,2232.516766,8.754108211,0.109605903,0.071846421,0.035017318,4272.507075,2.624204662,289.1185682,0.037273685,3834.102016,0.209931468,,3703.858575,2.821041056
Sample_10,184.6885734,3149.724867,0.700606907,3.330413563,20619.2783,,1578.883468,2468.937607,8.247666403,0.773869262,0.597186624,3.424976012,16819.73791,18.78836644,0.116862264,48214.18717,11.17439413,,0.462907995,0.26676722,0.167433359,204.745607,80132.64936,0.176028315,53020.72729,0.297631366,5.877350744,,384.4397048,0.413408818,4.694440646,6380.089108,61.80709126,6.495920198,0.11820982,32036.64875,17.65440694,1211.672044,622.4926383,0.372535299,59.95689724,40.81168153,11.84985282,3.388809834,8.796518007,114.7293721,99.21915905,6263.173669,0.717848609,7003.408633,101.2857042,0.001302434,29.00050125,0.002762422,3970.708321,,0.929383382,,0.122659031,4.354004011,91.65584631,2.560448397,1.626307015,,3.544642712,8177.631169,65.47467769,2.474165298,73575.15907,3293.7133,184.1958883,6.266661392,,2443.78067,0.552110262,6688.554276,4.462297393,2734.696852,0.085759366,1.229687805,4.345022238,2.249503976,4.143148653,0.637523431,75.26843605,,1380.291609,643.7455929,1.080071371,0.36600857,0.555374284,2110.641421,0.046772398,727.2705809,,,6031.841436,,,1.316341368,0.840041675,4504.226282,0.065804958,23541.53649,23.08219386,1.522770393,1274.183264,0.608835992,629.1008581,2.152287352,1.299118002,231.9069842,33.56350928,1041.043122,0.400267031,6550.37418,133.7719951,0.238609535,45618.33927,5749.901963,0.237902921,133671.7353,,185.5113952,58469.4572,0.692259811,36.39419663,1.428011191,0.127576658,2.757794899,,24492.7795,84.92528172,0.289596364,469.2947289,0.07418419,47.56751765,2412.164001,13.19253727,140.9586907,2.444026361,5.007913569,6.487450899,1.051988562,3838.000123,0.065696589,0.52892936,3085.699216,0.355045664,240612.0902,70228.82286,1.380873814,0.095018487,262.6006717,11230.69118,5052.259565,0.793408629,320.7812542,7801.394923,2957.176526,187.9484694,83.92359168,8509.188491,2095.454821,23.3528853,37969.07898,5.223156543,1.037971759,64.39039104,563.4956914,47.99377852,0.010759987,10681.71064,1.646025874,208770.2047,0.764697637,2001.996846,0.9459013,29.15775884,0.661491039,57941.31132,1.016110247,1.451538493,0.680425493,0.977690248,0.681263897,2769.599019,7.710677001,1.000768236,0.234660814,0.091769346,4312.396289,2.163502221,122.0872572,0.08987001,6920.305656,2.416866535,1121.287897,12183.28813,2.481950043
Sample_11,811.8801548,921.8741641,1.114066244,8.338204612,264.9215956,,4672.417081,9080.55938,,0.607146938,0.9663685,1.017978422,29614.89835,75.40142211,,15671.62697,62.28415754,4556.757135,1.233700928,0.05752932,0.019481393,917.0220528,37179.64987,,32696.57522,0.422725842,3.194682091,2.664264216,1360.667265,0.083011066,1.134686954,4487.826443,33.97082215,11.96124043,0.136454297,11012.60331,,2537.098551,1006.135032,6.41697847,94.57978394,7.682908889,501.1541286,0.729958696,11.9470295,4.902153142,18.09432077,7866.319053,0.102396568,4578.103971,3.452570302,0.055354823,6.82615702,0.08386446,128.0491622,2.310471561,3.378161366,0.092066702,0.060249705,6.867552384,143.5807441,2.625001114,0.799592559,203953.786,1.062280704,5924.965383,29.64808686,6.463780854,23256.20083,562.0367181,488.4998238,2.963880433,0.518895249,642.2058916,20.26744618,88142.22026,6.328033873,,0.103158413,83.52896221,9.116836789,3.277596385,2.775552375,0.663287202,20.01299196,0.780059399,1177.279754,2366.780712,1.588516426,0.617253075,0.73594437,422.4964513,0.043177767,139.1106154,81.36609002,8263.949517,5532.769184,0.595455422,1802.958403,0.420705519,0.730578207,7741.346043,0.98419007,47132.22227,,1.18635983,11394.61698,1.384557986,1587.62931,0.36943814,0.079309547,191.1306724,46.0498263,,,7403.000631,157.5086003,0.373333535,41737.38807,1093.961092,0.551661957,76098.83749,86659.89344,43.83940507,73843.71903,0.278483671,62.63640097,30.63441773,0.337780575,0.727409645,4.525411553,48614.42136,166.230517,0.107675358,30.05915203,0.112793618,209.9902796,531.9749916,11.28270951,220.9579264,4.635801296,0.850171135,3.125200931,13.25855249,1224.569714,0.324202025,0.749750663,3382.469226,0.883560994,97638.43609,13712.22355,5.505560102,0.034360301,96.93304579,23298.13844,4744.596677,0.42017825,404.3002023,5692.05029,14384.09615,530.3842781,184.5737436,5572.765957,,314.9468944,26140.7318,3.275236682,2.928596084,255.5256911,24.18881398,338.5698009,0.59946906,8595.957778,18.32260152,318308.855,4.334971636,8060.732427,0.802338944,4.244496163,1.135990367,147867.2004,5.552904884,3.660385949,0.13076868,14.13545429,0.171579484,3515.024258,10.43885355,0.291859703,0.157167321,0.237243172,8195.156374,,719.9747042,0.031928223,2403.113189,9.864076862,762.0541395,,
Sample_12,18.87701852,6603.67272,0.339051733,5.768760616,27140.18841,105.4188418,5917.099755,3985.122759,14.34563997,0.520262327,1.337404892,0.7264789,,76.44388445,0.474829279,44328.83453,15.97652042,4075.038402,0.745996125,0.007923611,0.091455951,599.0230735,29935.56306,0.777532511,29225.49324,0.129291709,6.613423632,8.07976792,197.2613762,0.214480233,4.231182286,6251.24321,62.65540709,,0.385476564,14689.60464,14.86078076,,227.9416684,2.065211614,78.2658386,12.83188064,47.65176923,6.887286773,18.22765881,89.87930452,46.32208385,3680.929103,0.024100738,4868.048457,134.9431464,0.725661634,0.19457429,0.254228432,,7.318838687,4.183380957,0.233535135,0.119661489,0.375198266,146.5628312,3.747769407,0.084770508,158432.0688,2.365790037,8387.739269,87.99427283,3.789957776,4100.877636,7701.819644,,1.630975424,0.142651682,3368.590218,45.95454105,101810.9756,,8694.041031,2.208431316,32.70887886,4.593941883,2.064726366,37.96461891,0.049426836,37.14568385,0.540146469,681.8607198,16730.88517,0.571760174,0.249429454,0.182604687,,0.077230024,294.8200363,21.08943364,5449.17944,3857.793376,7.049489227,4453.226929,0.691509913,0.795473367,9459.696337,0.724516374,28218.0295,6.243501086,3.788625043,3796.058456,0.404190507,351.7959053,6.351882784,1.541293096,499.9646381,9.414829407,1650.076699,14.81977283,6069.601131,27.24609369,0.210629783,39578.82192,9901.520743,0.639516291,17268.68755,26266.26123,78.33734359,416647.2484,0.062007664,59.91018059,11.09414992,0.827201337,0.027310472,72.86777821,47922.07416,,0.384401813,267.3264369,0.032678346,151.3119676,770.1292992,79.4683561,,4.941194977,2.317904405,1.341053007,3.81236512,3649.318113,0.137941933,0.230599719,1895.593931,,159149.1828,1839.155743,1.805617966,0.080141062,337.6619743,93628.2077,7312.688152,0.134146076,,526.2122524,8690.94109,290.5067881,22.14428641,8459.858048,2865.8317,349.6997593,1282.95,6.946520104,2.474551469,138.7174183,89.36969532,500.8767532,0.298895733,7892.241219,,153915.7176,1.063358181,24130.2355,0.89116164,40.11740307,4.057021388,62808.90023,,0.004370292,0.048885683,15.84391523,1.066820968,4278.799437,2.130694029,0.753714676,0.119196059,0.107204015,9642.042595,3.283867244,45.1051368,0.041029037,4436.811841,2.874753223,1037.947439,5439.036045,5.907155224
Sample_13,255.7648414,,0.51329453,15.94593307,152065.6294,1362.57139,431.7759916,175.723662,8.125874957,2.17629495,,2.594109624,63490.60669,36.84987395,0.268838301,58241.31111,69.0826093,1202.749179,0.903830906,0.038119988,0.08072656,139.8847491,22987.42596,0.15535757,57856.89144,0.871149705,,3.284168764,282.9436032,0.679856022,6.087784251,1559.250881,18.81212766,,0.076540128,78689.06078,46.4265756,220.327634,1033.00227,0.104847115,80.81342417,3.084944294,163.2910417,2.910377367,60.71396262,64.87894821,141.9619074,1495.43927,0.708201643,8411.93664,54.98321589,0.260857256,4.118938927,0.062795745,20693.53966,0.327777658,1.177162741,0.193382478,0.104957709,0.932118831,39.57397349,1.233949821,1.398286395,260270.0049,0.381842497,2779.646884,54.38529495,2.102575132,14246.14049,4976.915848,464.8911202,,0.160072759,1030.701574,10.61756601,39196.55017,0.455905703,6791.55883,0.624076393,,0.122653749,1.97621019,75.45275503,1.631896989,19.21075467,0.882183777,688.0119198,16455.75726,0.655292731,0.471366667,0.659884791,1637.928734,0.047815379,709.2092015,61.80381027,1036.514112,2042.802035,27.5282453,724.2767188,1.410498135,0.799602502,1224.572401,,564.7152847,5.953998316,0.433701826,7271.803843,2.511425534,,0.929891112,,390.1585354,33.9942573,22.68874455,49.78845053,6342.111319,11.47240944,0.421699411,48308.34937,,0.693026679,80101.6791,181461.448,20.89867429,261198.0099,0.025870911,19.86639518,11.09075653,0.054132756,1.701264686,49.17347031,33820.26293,460.7381769,0.939067802,134.6295273,0.082909331,34.53028908,3714.108675,33.82429397,191.0495357,4.040260865,3.081512123,3.076153887,1.986262179,7450.017862,0.023229049,0.894547489,422.6607511,0.502222827,74884.87527,12345.70755,,,699.1752771,19562.74838,1336.746998,0.89678915,611.9093115,3158.695121,37535.10065,376.9867578,109.6506727,1630.196371,,113.900861,26778.15008,1.444614907,1.146708743,373.7628085,138.392608,626.7164817,0.262182266,14535.96162,3.897621724,57281.87465,3.577784838,3753.040376,0.223467052,19.0726806,1.476540331,85759.35101,6.65871503,0.195456175,0.506659025,0.880792178,0.219215205,1894.033183,10.44562968,0.831317529,0.076239856,0.110346291,6643.162731,0.336988353,8.307994125,0.03912181,5178.913623,0.039704822,,2588.743382,8.483380621
Sample_14,604.1972827,3303.007394,0.579761278,12.2336719,34201.01666,,419.3445299,3934.489726,15.90712143,0.208754653,0.595616803,1.136411386,70138.12225,45.29778757,0.274206135,4057.40293,15.65656974,2045.107325,0.445476823,0.194028319,0.226152021,314.2756547,24153.70141,0.014795967,46867.78015,0.427779954,6.72304549,6.630440345,50.81609693,0.652399833,1.04122468,9125.908892,84.75238211,2.639216008,0.222050919,10372.50068,64.92832198,4949.688534,153.693239,7.395953772,78.06653332,7.043601583,91.50024324,6.077318123,25.86916148,42.15541988,50.68505281,8955.483422,0.062186546,8282.43659,4.537480532,0.014559795,15.67729324,0.065842692,2642.13783,0.338602581,5.477798299,1.231563838,0.006945739,,698.4106652,3.367300724,0.147945548,247528.1365,0.879379811,3396.780509,3.881064807,7.638800632,71722.67655,3425.558914,76.07335215,0.34198525,0.331242629,,3.732169861,103916.7789,6.774197641,2125.910521,0.323208474,26.21052026,,0.849670346,19.00368707,0.271047744,83.69506218,1.018537793,340.1786671,966.6617254,0.728030615,1.047827169,0.793996921,494.8104662,0.367733112,1889.572945,15.14454575,4649.69601,3005.036361,5.888360169,1723.270193,0.361353974,0.070574338,7548.034388,1.940095327,12310.43105,,0.338558591,5426.080251,2.336361495,307.9742728,1.541586484,,430.0702465,44.51066359,919.4712361,125.5669376,1225.397813,268.7221472,1.460312231,94128.6587,2429.795393,0.918826507,21155.00507,384160.7703,6.131306601,51556.52327,0.221911972,33.45170876,6.760824056,0.563401183,,6.624300385,18170.70797,174.723168,0.07332504,87.87078715,0.634653543,88.45833452,4660.408309,30.96378531,141.6279605,0.137455027,0.723079067,0.985713192,10.25847133,4964.73913,0.080081102,0.288819849,6372.10287,0.424108728,165164.9089,11346.7022,2.757148376,0.085593405,477.7374742,10133.66858,897.8247187,0.409742919,229.111703,11590.17489,80365.88295,268.2666333,,8124.818154,6788.180786,60.42631071,16377.15109,,2.962406903,667.7164153,231.3062633,,0.432190297,62617.64712,2.067506303,405601.0725,2.867648403,3535.703619,1.106771528,27.09818039,1.425378193,128872.3982,1.56171365,3.529835229,0.632820241,10.02055767,0.625448578,580.5474845,0.45492584,0.954440523,0.065497539,0.278017133,8217.670647,3.235231071,311.3004891,0.268605075,8605.345495,2.33927906,670.2981485,7213.549421,9.317084896
Sample_15,1024.728389,2189.25376,0.693275977,17.27190772,37475.65475,612.7428138,3535.924048,1161.814823,8.753214571,0.61652969,0.164142322,2.033169692,62135.45156,,0.379804991,42125.57119,40.71782351,9328.286411,0.01706733,0.186192282,0.028859309,1430.439057,13677.89023,0.868858442,20305.28095,,4.452471646,18.44025832,723.8778747,0.440119579,3.889675444,8151.504975,56.63849287,,0.055650057,40933.96476,54.20817264,1531.459248,635.0495375,3.586442231,65.48306959,15.3827264,593.0974847,3.846330901,10.85797035,34.29470339,,4558.653853,0.433803072,9952.706785,32.70013448,0.007632181,2.204730598,0.236632304,6225.978335,4.127964964,5.07002161,0.210777217,,10.88279956,186.291067,1.867333027,0.682931211,426742.8083,0.480667042,4043.722831,35.53239772,0.204365257,46151.2298,8618.990591,596.6910985,3.32701346,0.178041943,5668.989096,2.867931479,10742.78394,5.106101435,2924.069479,0.377648852,68.57247266,3.520308031,0.073913929,14.85895769,2.57159071,45.69039129,0.229000043,,5287.405186,0.484200102,0.479958319,0.096600673,912.1434343,0.296724556,54.91396927,9.412051357,,2660.068567,3.643498278,774.9268227,0.438577692,0.787086321,8056.609359,0.8160412,38764.45436,11.41371343,1.616419089,634.3033725,0.854536176,603.6126679,,0.604483742,32.76701644,44.6912807,426.8105643,0.667059392,,260.9758899,0.31657317,32360.93479,1022.598989,0.374707578,55184.70642,70397.33275,73.54547668,426354.9737,0.682007062,20.93518278,13.25129012,0.561572912,0.640682764,58.11336469,76521.66507,145.4001924,0.108717126,19.56431639,,95.73021054,,224.7339117,187.3008615,3.321909427,0.033339369,,13.76526267,6124.277076,0.160676911,,4370.930589,0.41863102,139750.1843,117763.2197,3.3798781,0.018866282,134.7765741,26622.26791,5703.25742,0.195776395,166.7278609,11300.64711,6249.811058,106.9535089,28.62320571,5225.484157,161.3520222,504.2856417,,,1.376352421,142.0069938,500.8439417,42.259967,0.476180278,,62.03972598,582220.2549,0.864732428,8496.398187,0.048152051,3.336423924,6.48999033,103924.014,3.691375299,0.986655433,0.246628131,1.443377727,0.747764328,809.4508768,24.66480099,0.600024009,0.152656568,0.045423139,7568.495469,4.748199981,428.7109284,0.072323898,3390.538329,4.256749684,1316.355548,3945.425544,4.453983103
Sample_16,86.87373755,1669.944542,0.789946488,0.945832509,11366.77755,563.9329756,,5752.215814,13.43195363,0.480904406,0.136309045,4.21213669,63931.59262,45.84238335,0.019377716,13374.09779,77.60275996,3862.698661,0.634990209,0.009485367,0.029487973,7703.280581,36428.28626,,4549.09955,0.279993253,0.384283119,0.446295233,478.4313637,0.305422412,0.595814613,1155.904908,43.29468539,,0.073323675,22343.62648,8.180398731,84.74509843,97.24953925,5.234553648,101.07514,5.848610289,244.9800221,3.544405167,45.24610177,47.22766103,7.514626167,536.5882912,0.010563865,1718.731701,,0.542268809,,0.076250633,968.0657418,5.805642398,,0.296181675,,1.29441155,497.3737953,1.44831646,0.415227416,363517.997,0.043028187,3705.649746,93.69321364,5.180635002,72978.03415,3689.528621,420.7019985,2.094605325,0.932718811,2209.903075,4.190077572,101539.2233,7.704112344,4788.616362,0.309458635,42.15455659,11.57577942,0.320454383,75.41192424,0.467575354,103.7031786,,2486.809938,8568.095266,0.534189466,0.289712563,0.618580868,680.7615159,0.049229616,2960.866851,,1400.411933,9379.964063,2.776023784,872.0759553,0.687867747,0.058092544,5137.191652,0.825535442,33782.21171,42.595618,0.319817992,4077.678648,10.26782973,87.56898519,4.168242257,0.245560241,468.9952973,65.68354739,98.36447578,3.37349512,3062.228943,192.9311902,0.368901319,14068.9369,7801.800101,0.637900352,85984.80642,130054.6744,,333900.9814,0.613488651,55.12411446,10.07793728,0.111438495,0.26876118,,11897.57417,154.7117157,0.608370381,895.6610676,0.045274467,30.65636607,13433.95854,23.78919878,658.2765843,2.324873197,2.224788041,0.110732537,1.419442247,,,0.482953596,122.4686392,0.819705121,,20977.90922,2.795980457,0.005774788,246.5151715,32117.87499,4363.583881,0.317325171,813.1566282,3917.072531,50884.20937,246.4502123,12.49896403,9072.732885,217.5402821,39.33443338,3199.325846,2.150972421,0.443529845,,215.2426345,540.6285194,0.377333266,38512.92882,13.77675628,53869.85197,3.73028828,15273.38529,0.820238051,49.99843171,7.133499793,225184.0846,4.455640579,1.081080742,0.162787167,20.70743423,0.778833136,2036.971391,10.87776703,0.673254709,0.009193585,0.102150152,6558.394281,21.3145715,,,10893.44609,6.592286071,758.4851822,1096.320371,0.914139143
Sample_17,405.2331814,541.1734001,0.50166187,0.403649044,77017.52002,2702.26319,1404.506395,5794.948509,9.164795304,0.77382411,0.56347259,2.058006336,46162.92505,76.59356824,1.96846624,5853.311968,,624.6393813,0.072639432,0.498537731,0.058090908,485.5038875,16804.04953,,33743.15579,0.585688325,7.531003209,8.308280104,,0.624615551,5.694208029,3616.558353,86.5996989,5.908909349,,45278.27698,10.61516956,,1169.841049,1.576321121,94.816544,37.289951,216.3736191,13.41508704,10.37861337,44.44385454,47.91616573,1521.089533,0.554836242,5648.78502,14.39617819,0.686283357,11.1762047,,10795.15033,0.248111781,2.416297561,1.188459775,0.13515124,,217.9751064,1.108097145,0.34378251,590056.7793,1.029566185,6000.5868,63.45742242,0.557466891,43694.41571,924.5583147,191.9609779,1.197133171,0.967875346,4680.53318,52.51598138,6822.856084,1.951283362,6416.877913,0.45659627,13.28678156,1.152270908,5.738337065,18.91212322,0.558751894,,1.049106764,1172.875754,1578.071468,0.450642911,0.210848353,0.273821714,737.3333639,0.155331089,1158.248826,66.15943971,7377.394013,13944.24094,7.730791179,3111.888799,0.569463868,0.640286035,9279.722665,1.003088491,27059.94701,30.78868882,3.25495092,10856.74265,8.845607788,630.6207175,0.018607247,1.035912654,114.2684557,0.807280758,600.8144135,8.609897327,3854.461886,1033.236311,0.102804015,12060.60404,462.5492513,0.988484736,91206.87049,455978.7102,293.9836,75670.76086,0.17707801,70.54090117,22.45779325,0.183765768,0.274039421,54.4452011,34159.5232,560.0620595,1.009814998,459.20031,0.112444737,,7507.689831,125.0601553,,1.276036599,5.370474583,4.870917322,18.03779928,4572.920664,0.091214048,0.134434922,1308.961005,0.215464633,52396.70663,60317.38697,5.803387238,0.100826389,675.2537098,48670.87084,9061.884586,0.298115701,116.0647889,7628.495102,61624.20889,51.88391123,55.20342811,8713.535123,1809.635975,234.0553389,15085.4058,0.88944329,0.544993052,,469.8912643,,0.385268134,52213.41911,10.81164404,182571.7558,3.224677606,2966.352126,0.675385875,49.33595392,6.332007305,331720.1271,3.584448165,6.231250076,1.046694837,15.28006437,0.537974556,625.5551,11.4647518,0.593788597,0.088081834,0.100331262,8101.608501,0.889705818,506.2914865,0.108215438,1743.231356,,848.1236441,7838.900346,1.80210927
Sample_18,527.2802685,4462.436937,0.476976298,0.283438593,34466.82606,331.7273011,354.4079129,939.9514643,14.79974204,0.423182373,0.43200074,1.767743479,60915.08219,97.40534044,0.551132456,41920.86757,46.08276403,8705.821789,0.33160902,0.018621373,0.144967972,400.9318087,25463.92256,,42567.45949,0.249802989,1.298362408,3.731249046,1822.055603,0.786340581,8.668267681,5190.568874,29.47558986,2.507531464,0.320817202,71897.82343,23.15716145,,301.8495916,3.16779049,47.35838684,6.046901872,102.5720053,1.619894668,1.895387193,8.642114019,65.01533886,8882.801772,0.124903564,672.6500639,9.81785491,0.31895578,1.606181263,0.070428925,7785.812016,6.282747388,,1.651272298,0.110177978,1.609167397,105.2703623,0.632042753,1.193714502,102707.4757,0.931802944,6115.066565,48.55332584,1.341102779,24433.63045,7138.059173,39.38496717,0.478528769,0.200009063,1464.382722,24.51319323,1281.575957,6.651977225,7915.692441,1.589011172,18.84487916,,2.05489381,104.0843371,0.980895194,28.89834391,0.673821514,85.14685857,517.1392728,0.172551713,0.877393982,0.828779114,,0.06770855,1574.001756,12.67181639,,18911.22475,0.90082733,,0.513917751,0.930965907,10593.26134,0.397404806,22819.30745,26.03068355,,6231.816183,9.379119539,993.8162151,4.540249951,1.873469815,628.8452594,,2184.591595,9.182087126,8853.214167,1705.002618,0.215064371,4365.438388,3169.249465,0.759002937,177307.6497,58205.89311,11.44589998,,0.10047408,54.0784679,0.786306568,0.236338533,0.685838262,154.0863903,9253.731949,281.9506262,0.879012329,487.872666,0.103864541,6.619496123,3440.109447,84.47197851,356.9916466,1.981859768,2.957442639,2.200968395,9.806816984,2225.854388,0.018348535,0.830463465,1742.533107,0.079037355,7446.385489,31818.50056,4.91898555,,117.1563428,48513.33634,4997.894033,0.390232307,585.4603533,9483.796527,19720.70756,338.8662079,,3766.177461,6150.850751,160.6611497,39953.28974,1.643411134,4.659637764,307.3455205,154.9251874,243.5353276,0.304275747,98185.84276,11.20735852,164388.3426,4.470211377,9167.958881,0.568098068,44.62319621,2.707329066,20661.70287,1.102228339,1.871725797,0.160803302,11.59339059,0.589495976,2134.857729,35.886847,0.148046693,0.077565284,0.118118014,1201.374158,0.535596351,208.7359262,,200.697336,2.487856813,2474.131583,5691.442047,3.205239568
Sample_19,466.6297056,1664.023564,0.768801256,4.688763884,28215.40682,1287.214225,2183.098581,8777.147094,17.33283703,0.633589116,0.510127554,9.480005094,28350.07823,14.2129859,0.345197078,8760.304969,50.03241428,,0.637672649,0.064986772,0.046609756,980.3550994,58725.42164,0.282508775,23195.84075,0.037705951,2.954438854,16.26474851,556.9049902,0.37548967,3.974551317,2352.72044,51.06685871,2.071365194,0.13519924,91516.02509,44.59182914,827.9548493,1737.487421,0.480776901,83.45544761,37.42901179,,4.839957415,119.2952611,87.70579908,9.812175014,265.9813743,0.226480371,7740.103958,135.5746659,0.305407432,0.876668588,0.121552569,251.4921381,2.029419466,2.967427385,,,7.699131179,190.8927552,6.515332386,0.404890289,34948.293,1.65712871,4415.305179,63.41991664,2.278975722,23124.62985,,732.2951555,5.532060502,,,4.627556516,3575.834603,2.482640298,3538.724557,0.133843036,32.53727824,0.898829744,,68.34098842,0.421435231,,1.001191743,819.0718936,2774.603208,0.324307078,2.308839476,0.840842906,1122.54276,0.173357988,828.9185152,,8505.90786,6282.023091,3.099625879,49.24591947,0.568626723,0.33850668,3283.834497,0.089754309,18551.76244,10.87295278,1.159544008,6167.274245,0.134863945,2104.06567,3.425281759,0.255545397,557.8974291,81.34139939,,7.431506555,4899.049643,298.1056553,0.635175324,16310.73702,4163.710611,,388603.1547,220542.0969,60.04037457,62660.31547,0.163113061,54.5870092,7.039085335,0.801246082,1.485540412,59.90712892,9764.495139,341.7879027,0.338162162,168.7114789,,129.1453746,359.9756769,45.48535989,620.9879309,6.62387783,2.618704624,,1.033714904,7415.520271,0.010114298,,2734.546073,1.527645138,12650.18556,49272.24069,7.540495906,0.062817638,530.7360075,9380.402354,2249.837393,0.457699155,107.044852,,21724.74928,218.3188387,3.365303591,5915.402322,3302.834717,142.1081746,61156.09304,5.911154348,3.585448225,119.828586,67.74894989,23.35052797,0.336298039,9347.746131,37.90551968,231715.097,2.926865615,4806.897973,1.21912864,48.45595506,2.056620875,221971.7601,0.940523136,2.862317395,0.194523549,29.20695727,0.221782251,325.7815894,4.35484812,0.895115523,0.053459323,0.090423544,9263.332055,0.638951911,540.9861165,0.01677092,6536.465782,0.105457645,383.8293417,3975.780213,1.847728895
Sample_20,171.1326879,325.8290751,0.258951627,23.84059523,18639.1137,3706.18278,45.72211914,4779.111721,15.22379,,0.777066232,2.158067368,,7.247317363,0.201583235,10718.7483,39.34159073,,0.241154213,0.045793616,0.003903146,2611.916343,37629.78407,0.462251712,68628.49711,0.650835523,1.71346455,7.436060143,784.6168626,0.746657132,2.3991719,280.4520055,9.444632989,9.443646999,0.14911102,4984.898136,,302.9962176,142.1217453,2.654602933,56.49196363,22.42778469,132.843207,3.214591811,75.14252181,,,10639.64232,1.043708178,6357.100219,8.726099179,0.159278295,0.740226013,0.125920262,186.5092041,3.211120069,0.630724303,0.733266128,0.037417378,3.794504709,237.712367,4.118146307,0.472910047,137448.8861,0.704245326,1117.351484,88.46898145,9.308379808,31622.06526,938.3723502,334.7067781,,0.251650934,4226.581086,42.07932606,56037.56086,2.622222499,2044.713408,2.322360037,4.483220937,4.763650697,1.524419665,53.57701154,0.029841922,37.12894914,0.049818684,1073.696759,8012.047515,1.513014273,0.71412885,0.285691726,526.1667442,0.048241362,701.8817409,46.40862395,7557.256684,4351.176187,1.422625024,1304.648616,0.57324052,0.289016856,5309.002207,0.092145557,4822.121155,0.685661118,2.19652574,6128.367727,0.203139665,937.4201362,4.03050249,0.72292453,242.4317857,2.691485999,682.6882891,6.815601309,6691.40857,73.77714544,0.266807016,20542.99404,495.1938766,0.38101976,360277.0903,43014.48775,173.8800839,6620.504086,0.312098336,69.01242519,2.359975529,0.528164503,0.110054413,197.4186572,26127.04407,430.4073493,0.543700778,288.6487258,0.129811988,67.25368874,,30.64898151,503.0075487,,6.077235245,5.948056258,6.014378392,6014.690261,,,2659.542517,0.38996364,177685.1285,31124.58026,1.007336597,0.02273901,281.5173074,23596.36754,2657.319448,,329.6625415,7683.588996,30299.08177,400.0300903,82.82015419,7444.887591,8869.83614,367.0070571,,0.834771698,1.735583355,513.749704,210.4267564,205.5207648,0.066426358,7209.287877,2.722675231,92444.99124,4.913033473,11473.01839,0.092186791,220.8524444,1.527780704,238155.3484,1.354814046,1.53933323,0.787327377,6.736927345,1.605859758,,,,,0.21270349,1076.57386,7.312473795,63.7077974,0.253131996,7045.985963,1.168537755,1334.340471,5568.889992,7.859043969
Sample_21,319.4129712,3139.485725,0.898408317,,200543.0896,999.6876403,,,14.74211955,0.821773225,0.081849579,4.611343706,34250.23556,8.7070933,0.505678376,17436.45296,19.54088047,5678.813331,0.65699869,0.075251292,0.046773717,1132.775643,31896.21899,0.427308808,34279.38095,1.33055527,2.642628139,12.45052113,1054.853323,0.862902069,2.17023352,4935.16957,73.68847571,12.08642759,0.165618396,17468.36728,75.77771894,162.7334609,97.90168337,7.770526969,81.85485403,0.109964539,366.9874254,4.036007092,111.8979841,40.01703322,20.00331225,21015.7202,0.27992901,2561.28087,79.65640976,0.247210903,3.078067102,0.242388489,9666.52953,2.197823592,4.440451912,0.431492562,0.034344779,6.874221209,776.6212449,0.164623564,0.345257543,458777.7251,2.118040082,4166.083816,95.76263424,3.932640416,84281.00785,7006.965685,274.0325646,2.695904157,0.660042978,2585.883795,4.127458537,11277.82043,4.21023226,7652.812856,,,0.267150813,0.272253719,11.26110589,0.231443205,35.01794419,,709.862554,3717.947805,1.232156133,3.07851789,0.510989133,747.4636,0.023524755,889.216292,,2442.653718,17287.09969,4.788634497,,0.742716277,0.656989845,749.2433664,,17844.95102,12.61254753,4.401789647,2131.964894,0.889968934,137.9291669,5.605366195,0.44778505,11.22513305,83.57468641,709.6625317,5.748614577,591.1041046,30.41345535,0.015310024,22639.30664,9326.42678,0.026024712,46371.55186,22962.85335,24.57499346,370561.0155,0.261674155,12.05784882,22.63417655,0.015549199,0.155944908,256.998988,472.2486129,90.94630139,0.800925646,500.2521185,0.302555927,55.82746099,4263.057803,125.1589077,696.05498,4.243755374,1.536134734,2.15877716,38.34205013,1403.826273,0.28487548,0.165220412,1545.381974,2.429725519,67198.2942,23149.57423,3.876800225,0.092021457,343.9128904,9931.21378,5779.929013,0.465581036,892.3997097,8345.864565,22269.65737,454.0079888,5.645934543,1702.180411,10623.2468,792.0392013,,0.814657194,0.756715918,206.5945636,101.2205844,552.0069021,0.308204275,10755.59407,13.6125014,45520.66863,,3073.265759,0.834487704,124.2263359,0.062623755,,1.440854775,1.706157581,0.839173846,45.69744299,0.198851263,4756.636997,3.461756914,0.174918575,0.01076802,0.034714654,8199.819464,2.801533902,394.4501678,0.068638471,8790.58922,1.176307544,,7127.851073,5.10970775
Sample_22,239.0592298,,0.756421871,,74423.7922,1801.267541,186.1505964,1069.511496,7.287790172,1.201864504,,1.336622914,22991.42702,3.620390503,1.26618948,2036.725493,20.35433315,5562.313875,,0.073183675,0.080879558,552.050476,22366.27135,0.830803859,36362.3253,0.035624344,3.146093706,2.556776339,887.0335783,0.506856296,0.656987361,7524.454058,22.17115751,3.956709518,0.103551502,40796.67861,35.26777247,2324.638719,1831.66299,3.635344244,,39.21640294,156.8477957,,21.89698838,60.64185453,71.27643656,2672.023091,0.320889013,6101.901408,27.65529082,,0.236610184,0.053339008,9142.881968,5.992738281,3.862559188,0.073535239,0.021105841,2.81165014,185.0444246,0.173433988,0.530105011,106068.5419,0.866611372,10741.09247,89.96749251,0.693051356,100189.3191,1083.080937,684.2359534,1.387452628,0.754414781,8701.876128,51.95968648,47637.15864,2.888088459,10852.76189,0.757855047,54.0788201,2.019945005,2.109717468,53.71815101,1.592293385,49.09858253,0.799749146,704.099654,7039.491913,0.07917488,3.034958153,0.758138725,658.5282071,0.094222205,864.9602627,26.63158701,4432.375471,13009.97086,,1831.490596,0.117451028,0.365843309,9093.540911,0.244309125,39384.6055,7.253702745,0.468466707,1287.042373,6.929985397,3823.298008,6.367289939,0.428181763,76.19633004,34.6289849,849.29068,10.83378851,7774.939957,156.9975997,,55538.68051,565.9488792,0.516287355,109579.5109,31252.78424,,24811.96535,0.053524257,41.90604816,44.71999891,0.462330695,0.273717306,11.86949735,26327.87725,896.9216825,0.580705012,21.27882834,,90.01010064,6844.637342,131.1256692,371.4131738,4.041500929,6.389803526,1.131082405,7.30905958,9747.027639,,0.890910991,870.8372626,1.821157327,175504.4438,93834.37502,7.73670473,0.17698073,260.1894068,3447.298895,2884.685204,0.798880073,26.65699149,5110.868879,38996.10571,,0.286549429,,,188.2505539,45738.92303,,7.642470162,7.970415271,210.7631147,12.88562736,0.45290574,7917.47367,30.32933968,204100.2174,6.779898516,4265.106222,0.669144091,23.57025344,,449815.3048,3.65414542,15.08219634,0.797717839,3.269803255,0.546606524,4236.502343,14.39268039,,0.137949997,0.094639205,,6.32683515,664.236952,0.126610756,7451.402644,4.51284599,470.0641859,3910.49007,10.25782053
Sample_23,92.80672376,1586.062135,0.214180035,11.22454498,60255.07982,2442.878575,1079.148308,1520.419871,28.98247654,0.709763504,0.963369068,2.806357647,2914.635445,6.643236654,0.451004097,9035.475658,57.41160004,7970.368591,0.918166589,0.032495521,0.250398197,1363.095191,74517.57798,0.988929824,59499.90431,0.066708574,,2.839874935,1579.406699,0.762828825,0.688941125,7286.028786,1.187030439,13.15193114,0.012540798,72559.43815,,42.20730949,545.5811914,3.273432983,25.19316268,44.64958473,897.5178919,13.95215005,186.7668539,148.8851935,18.33234514,2237.944345,0.187871669,1662.117572,22.40992389,0.083049805,6.780138353,0.03035251,3444.328649,2.681604611,2.514794336,0.090998746,0.069137306,3.232600248,546.5933062,6.357369701,0.883498561,214084.8369,2.356585803,,44.48350133,6.741678801,29534.40034,2146.057483,177.0728084,2.388625684,0.279708589,4055.839236,16.64788946,,1.268491238,541.7263992,1.944406907,74.84358358,1.351640315,2.433060269,79.56752704,0.439994159,69.69624224,0.355104429,319.6489087,4938.786338,0.421684826,0.417326253,0.376601577,2152.356809,0.079975768,838.0177508,7.360445165,2196.123281,8924.025319,10.70563122,1496.173858,1.794247224,0.961047354,4017.196648,0.707531457,5683.190434,13.28470488,2.858787927,4614.065567,6.180876415,1446.37423,0.041202663,1.912434555,188.5337803,35.76962524,851.5548835,9.205241683,7496.376639,429.9407147,1.426525592,53954.37408,8021.536855,0.730193396,14608.22072,50514.92337,20.40335799,195765.553,0.915875679,20.73980785,5.519580696,,0.821080531,8.868835602,5897.924305,404.774433,1.423469314,394.1094839,0.061234179,,10201.19044,6.173849204,50.30997395,1.175031753,2.507163559,1.253191843,9.471453265,10371.42916,0.856434891,0.265295293,,0.634293937,117542.4647,51684.68255,3.645974196,0.047528195,353.6174747,59465.6513,1757.69179,0.474146355,3.77735494,,32280.16807,89.16618344,55.09048712,2797.384095,3348.879933,94.30722756,35961.33579,2.111749502,9.173458886,585.767543,116.050792,211.5326272,0.108569708,20823.49032,5.675230815,720193.4475,3.668251717,1142.23325,0.270653601,5.224473624,3.508545963,376280.7481,0.46945213,2.399870818,0.608910769,6.03764919,0.547621469,1574.955202,1.190969917,0.471156533,0.223493062,0.032849109,2478.852592,14.44771677,445.6968703,0.068504417,4884.292283,2.770472051,775.9610889,9542.40117,4.572176002
Sample_24,128.8704259,473.2103164,0.006782909,5.200851999,42385.20926,149.6705322,655.4761444,,4.303814747,0.353185822,0.520268294,2.099932322,1735.788406,65.20369072,0.849356941,19775.85159,31.54411519,5353.26379,2.05835999,0.052897937,0.181507236,1054.633596,42024.15044,0.900010701,89398.94999,1.055054244,4.011155191,17.32297467,1056.531696,0.795088138,5.726815461,2610.210895,17.9972392,2.142825648,0.130115305,26957.83627,27.25488372,1066.20443,288.4371852,2.789355168,75.82523004,10.58306366,341.2950932,7.617980753,105.2009645,8.854459995,118.6546061,10709.08335,,8945.133725,222.1929661,0.046504177,6.816329294,0.190193002,6656.016195,0.838225727,3.896346093,0.140978803,0.106748458,11.44227545,282.3844336,3.200964342,0.574665789,405532.3202,1.057201977,5414.477657,90.59723837,0.961086811,19294.0355,3311.483617,211.6799903,0.384089951,0.386774343,,40.09098335,60085.37292,2.211006911,4119.681356,0.304408654,60.15853447,1.930919482,0.354115589,58.81027733,0.639186596,75.33892131,,1225.651277,1801.622147,0.012651368,0.376480342,0.409294166,1507.583081,0.33557986,86.40526768,36.56074871,3665.402585,1962.602137,,947.7359528,1.084089158,0.442526816,851.8661317,0.113308812,3283.209535,7.975367299,5.602093822,,6.463662004,21.39924227,6.19220359,1.425960961,434.6316897,1.713312137,3398.275836,10.36077667,9564.030281,276.9761301,0.113810241,16637.11839,3155.324352,0.809809279,157898.996,474471.0751,135.703239,323962.9581,0.093931509,52.10957362,81.64719708,0.237473209,0.348783112,105.5254935,25760.8874,272.4185764,0.334402814,231.0560528,0.064473352,109.2253321,10920.94501,178.9287335,285.5988985,4.276806984,1.748538155,0.803857926,11.92941979,613.5577947,0.052283841,0.538417309,2380.377267,,59287.78024,40502.68816,2.446927389,0.020024461,,20941.73965,15170.96514,0.542551549,197.2210944,9508.852191,16791.01989,396.5237567,,885.5718849,657.7611759,480.3697355,58603.64547,9.66473695,,83.40911501,917.4984302,159.8721677,0.569741924,56622.6892,63.53399198,146733.1294,3.45420387,,0.376232204,9.688840349,,60501.12438,4.019178531,3.413404442,0.424610796,19.29504196,0.345915853,,4.215649876,0.591454517,0.120740481,0.062848596,5290.290325,1.347412616,612.5005832,0.00268687,8323.751125,3.753514465,2436.174778,409.7223504,3.585954321
Sample_25,604.5391114,229.0721263,0.744492717,0.809642086,13937.3959,3051.290696,2398.267676,1347.128737,11.07004789,0.185632645,0.709193364,0.431999653,10522.37575,17.99498332,0.355520103,19771.87455,60.48649374,8114.600188,0.07678671,0.033447764,0.010560404,529.3775489,23127.079,0.508354319,33656.29993,0.338535093,1.887844386,1.504395355,822.696765,0.748466867,4.658324907,,,8.067026699,0.006829042,11912.27912,14.0680429,3751.998312,857.0944277,1.546960904,67.9727966,2.619875786,600.5090126,13.86322218,5.058833725,119.0610491,89.46875794,7181.886696,0.258235664,7699.867272,100.0555343,0.372760821,17.34175258,0.090800517,,,4.361470161,0.80041099,0.149332451,3.398715972,65.96784226,4.269182885,0.185057301,178344.4158,,11598.37247,13.9241919,1.174098328,83860.85763,4886.392132,34.90950953,7.645538911,0.881904269,271.5741604,13.57376292,38104.52689,0.230130905,3174.007492,0.863174031,9.921388275,0.950610505,1.235340784,78.09461857,0.346144514,89.03775357,0.978684403,647.6988504,410.1268166,0.047429508,0.024852544,0.861043117,927.2154167,0.027695598,,24.66510012,4679.802851,3025.967594,14.10238605,345.0870446,0.308456025,0.790164863,10770.90915,2.772107031,48663.54645,11.20531859,4.962913771,,,520.7239656,9.230813717,0.648779488,194.4573399,44.78702213,,6.826154416,5602.639848,479.0853259,0.178306341,24824.73432,8535.541128,1.030952798,178934.8604,227894.8273,1.82161924,,0.42958195,33.08179074,8.872016704,0.359918403,0.672170569,101.7861511,34021.28955,285.8911861,0.362398981,299.397529,0.020652711,83.12280609,3604.069555,2.341054981,253.0042097,4.374946841,3.448956199,,9.062505879,487.3204487,0.079643925,0.6312215,618.8681582,0.830680698,214807.8885,6610.43777,,0.033684842,186.2900084,45249.44943,5321.023001,0.701675508,457.6015988,827.588331,11240.23602,1337.990302,,8405.881402,2070.728858,315.2503922,8950.416795,2.749113932,,540.5774847,,342.5200471,0.540274003,55801.71106,0.788732903,45195.11443,1.549551553,13155.14486,0.006495945,7.09061453,2.366824847,156155.7727,4.793911816,0.323555428,0.583253151,21.63313388,0.32204943,3497.135536,23.76257557,0.629038524,0.089422564,0.082490783,6349.162855,0.373835891,371.8228224,0.289925493,6427.636107,8.573276912,,4009.921662,0.915938877
Sample_26,,1656.031307,0.142790225,2.165732908,88154.15047,627.6551463,6031.960835,7480.691651,14.44606018,0.846790981,0.311829571,3.695939167,24981.30769,94.38960242,0.416995692,39580.14764,139.4065636,3172.464862,,0.085912211,0.008422544,448.9246076,5807.554628,0.847149722,43948.57971,0.871865696,3.663093116,11.44555419,2178.792163,0.045802864,1.605443311,8446.902308,53.01423335,2.160146665,0.005244803,,84.55671781,684.3438568,405.2191006,1.523239329,,18.09273233,347.0471888,4.45672716,40.77333421,132.1741519,68.23937488,9749.343485,0.166929836,5975.192175,87.84295529,0.626643652,3.301627501,0.111564546,288.3222457,4.223520112,5.912570493,0.539758361,0.056373992,9.616013173,41.20526322,,,33143.71599,0.029227842,2218.66497,68.74707573,3.593477604,18938.14749,7813.629454,447.6308291,1.608478,0.454153065,9303.442084,9.068366643,23473.43943,,9318.734116,0.566385796,92.46681627,4.163902791,7.481432587,25.41991152,0.471217383,68.60764654,0.813588127,732.1919806,2410.979854,0.016201042,0.477445323,0.500398951,372.5610976,0.038053144,,23.46770405,2163.036028,2897.615629,8.645476057,550.0321163,0.245839004,,8228.478473,0.879442465,41412.31554,7.06713729,3.248116876,,0.122884546,1054.064911,0.582808073,0.197584619,81.31026322,14.20509026,1947.233331,4.269245148,1771.80983,62.78016916,1.24044738,39413.85995,3600.219088,0.733557669,341610.3889,133179.934,93.13554872,228664.2564,0.536102851,52.19547856,,0.418598752,0.503032201,8.713123559,16318.4872,1750.118459,0.055288266,711.5546163,0.151961398,59.49256726,2761.211744,71.32134039,21.73234873,0.744104121,2.499222178,2.088146335,3.949668641,3004.5751,0.154703571,,1146.481034,0.131642566,600009.6548,5209.096691,1.893382243,0.038939258,63.67165729,58497.68639,1440.480575,1.136776284,160.022234,6050.398864,64095.31207,58.14090898,92.76347837,1851.010955,8955.944583,364.0688385,8377.32447,5.275673698,,216.9465076,425.2472272,117.1881684,0.394968454,25809.13429,5.726659799,434083.0369,2.39804672,11441.65296,0.106305563,17.30621701,0.048391536,69987.40095,7.44279714,1.899972454,0.922890979,4.160165565,0.150640014,1153.379354,7.358914736,0.468761555,0.001790852,0.088887078,,1.733020439,303.047882,0.0451342,3704.520989,2.74760799,,438.9992839,4.074892813
Sample_27,336.3877719,1389.696224,0.192343231,6.052852204,27622.67552,387.5354664,492.9810301,3549.871151,9.276345565,,0.75402772,1.742954285,51734.54313,39.62324961,0.012474338,77216.72756,1.539559161,5729.589351,1.264789008,0.070837448,0.244987453,735.0241325,,0.123164049,9807.725974,0.824380038,1.177488778,1.454086616,1159.25855,0.715878694,1.519523159,4593.550093,18.4228059,5.447689454,0.134874086,72611.26994,2.326227314,1236.758771,556.4676039,6.778798154,62.86815592,3.29648224,200.5875488,11.74734975,,61.63846159,12.06217489,1975.92123,0.46793064,10857.44696,45.27411746,0.946642452,3.182188563,0.005187409,2456.439806,0.772204085,0.24874005,0.881310465,0.04301958,0.02206944,527.7207494,0.541461243,1.561472505,35316.18698,0.397125765,4187.147684,8.973615244,3.728705733,28228.79842,8917.376127,442.5433398,6.556215826,0.248451853,3545.962174,12.81381338,65075.54505,2.899872617,500.9881892,0.359473618,41.36435471,1.448125532,1.480248869,79.89542714,0.041629059,,,1840.533407,6932.474444,0.024562311,0.155173197,0.364811915,490.4542295,0.115872495,771.1842667,18.2140186,6630.694744,,11.24974092,1557.968217,1.500614829,0.655281498,,0.541569804,17069.97187,67.9923704,4.037757491,5856.550422,1.804794123,877.9360172,6.773520342,0.915816362,292.6882463,79.2683109,2178.375534,29.36947376,5247.655389,486.1146253,0.409598455,30467.54983,10917.61096,0.284564162,258235.8274,103478.6733,156.1687625,149137.4812,0.459057527,102.2445415,14.24186818,,2.174010155,92.29497336,60254.83113,,0.01096765,201.6597377,0.084529079,27.6917612,,65.33663024,314.2846936,1.169222314,3.007825064,0.649901505,12.41297015,10136.29505,0.025017764,0.855489959,1700.405519,0.315192804,151824.0461,12724.60462,1.552220027,,356.4291181,62592.14431,4459.266134,0.700425529,184.6909409,1518.258534,29495.60327,18.15393326,27.80753185,2821.584028,5537.224992,407.9729819,17215.6353,1.107965846,2.253350581,35.61520778,176.2603423,340.791889,0.432419315,46464.59053,,256520.3653,5.20324353,9192.702594,0.009974105,178.2734894,3.474191906,33359.01738,5.430932654,1.04455731,0.825747154,3.959155546,1.288310775,625.5528186,4.41962881,0.804622675,0.217609483,0.014708902,4028.179437,1.585386887,,0.023220267,,1.887925148,3655.044472,2017.756457,1.577924372
Sample_28,,2366.105308,0.355648043,11.65357507,,1739.645706,1373.050158,4414.891859,4.408617047,0.576272006,,0.891730901,1981.641503,68.67819006,0.208077627,42131.38139,4.588787309,8096.569711,0.506040991,0.009461213,,349.7950529,,0.717105766,59584.00685,0.218865487,1.369402363,28.98299661,1303.607157,0.148609677,1.733984882,3020.009953,16.26278551,11.55176662,0.02445673,14900.96273,99.13142084,637.713389,768.3588719,2.606658654,9.304908301,,411.426125,2.695192208,87.14420594,56.17770983,19.57095556,211.6528216,0.74231541,6606.950936,75.25881343,0.287506053,51.94532029,0.073997659,,1.21734695,6.491191294,0.04949076,0.127194459,1.571514622,416.0082098,,0.169585285,84094.16965,0.122333778,7578.592868,30.77838725,2.668273758,50868.3408,7085.91008,125.995768,3.714288755,0.886429103,742.2672003,,,1.704612133,2640.029137,0.254028537,41.72625856,6.228900508,3.023204962,29.64077493,0.567830811,31.65276825,0.284249475,1408.063244,2314.83556,0.389830692,0.705631845,0.391197039,222.9530383,0.088624209,,154.8467967,178.2855818,5057.92126,3.989943291,1618.992477,0.473691315,,3984.161921,0.358379056,75644.71568,2.03281578,3.415472544,4230.593506,1.10079138,625.9172467,3.473369303,1.652245011,75.08120974,49.38409013,750.6558582,,10144.56057,161.9333839,0.718198194,27744.37123,8564.774641,0.99766933,18431.75642,25860.92568,55.72077434,25002.9444,0.646202268,54.46834254,0.48559706,0.018370954,0.112719187,24.46561851,7242.060806,137.3735545,0.701633389,722.2298428,0.02594855,25.46239972,,57.18475164,200.0591491,3.765573825,1.66604807,1.441948329,16.03661985,3126.98421,0.151815435,0.142072955,1073.43009,0.982554692,277620.7679,74241.5721,5.923906625,0.038087734,114.5785361,20774.07363,5491.436519,0.942098397,69.02157586,1730.011219,,100.0500435,39.5856683,8220.546305,8140.860678,62.6934353,10467.66174,2.707288027,,201.7105253,62.71988947,397.2183578,0.618572128,21779.59817,22.60701996,492893.9193,5.235935307,1513.635501,0.832080047,57.44034861,1.183488701,305201.8658,,5.970580598,0.214041598,47.67391658,0.461503694,1048.745099,1.391807592,0.146294994,0.100961068,0.0576979,5698.820377,31.3545402,386.7519186,0.010653242,8802.395588,0.821287434,791.7349412,8931.004995,1.647064643
Sample_29,120.2368716,321.3017427,0.541448201,16.70923014,12724.24232,199.7152554,2992.260975,8351.953099,2.499138936,1.022820331,0.777857499,3.279068484,22773.59138,89.5355917,0.506629825,49080.7672,126.3548996,8131.043885,0.767793923,0.104981982,0.025938562,399.1232619,30243.31046,0.177980587,7697.100033,0.471608905,8.033961015,0.891002502,2284.275547,0.333258841,3.916965243,5625.504037,,3.109661418,0.17928219,53295.59398,13.31335018,1354.935494,1175.1309,3.811507888,,10.63610899,227.8238663,12.6969567,57.56921263,60.34782442,123.7366379,571.7009795,0.82309047,5984.851424,40.2562986,0.193707341,10.10720481,,,2.149341758,8.213915256,0.245113394,0.031816856,4.141728634,443.2875997,6.906666865,0.888387077,149045.6132,0.181838274,8061.419203,72.51481775,,14481.44906,10569.01223,94.46677055,1.890559964,0.062740178,6090.861571,,21100.70004,0.464243338,4717.311406,0.145973723,,1.595825177,5.289333766,68.59686321,0.032410826,,0.2034956,807.4697865,4671.264325,1.977837937,0.032920783,0.185910261,217.898866,0.120415232,591.7397251,27.3613483,5463.656141,14921.53499,14.88613619,392.5020789,0.548655069,0.393173854,3721.903039,,29708.19046,28.92002579,2.38309321,6064.019881,1.276498036,1082.983288,1.360233381,0.663202991,,23.07365773,947.3352519,14.82065006,4359.217429,2017.49518,2.831006079,21801.43327,3085.564759,0.641649668,38994.3071,130042.117,5.451632564,39690.01823,0.585591267,41.13912423,42.40425709,0.464697803,,3.79359794,20814.92852,8.573908532,0.807878852,506.7384864,0.107679887,11.28943008,,,44.55206434,2.526977971,0.058703262,,16.27394081,5760.555705,0.328668298,0.549801186,1605.513681,0.113264013,150208.0474,32463.64044,2.75076653,0.274800781,112.6449358,65037.50446,4733.081385,0.180124564,266.1477924,6417.555751,45259.61934,148.4332493,55.75185378,501.7307796,4542.009017,593.7474273,47934.44235,2.13072319,,433.5300388,,83.60191408,0.47982744,639.0123412,,31050.65027,1.642444364,7930.630933,0.908234387,14.74536291,3.39250307,23276.0272,4.521355626,2.318264201,,1.098093634,1.049082144,478.1556486,21.82184765,0.378278139,0.07281123,0.161304596,7502.870969,6.675846265,340.0235807,0.052589408,3087.756165,1.375257845,1748.413545,5367.038343,3.015754979
Sample_30,1350.803957,177.4204799,0.599981069,15.11916029,7952.076926,678.1332333,1516.878277,7039.426926,5.387769471,1.898073652,0.343249308,2.370841915,5689.002116,43.4189367,1.140108694,78640.91386,12.98527553,2725.908738,0.44930787,0.22994019,0.144044666,1061.121451,87529.86601,0.239078211,13001.1884,0.431031998,3.88385078,6.594204251,2004.480955,0.866702554,4.358995028,6398.587066,63.97192234,,0.009873226,17931.85696,80.48022046,1275.532575,,6.028683104,26.66271127,46.85807338,,13.16566129,36.25453378,,57.14455705,9738.310676,0.921253706,,15.17395251,0.089113976,40.3560017,0.052391347,1036.487111,1.864209347,1.463326928,0.959805992,,0.291780838,,3.26856876,0.194183828,26314.91699,0.428371848,197.8864796,30.0874477,2.503576453,27920.09302,8922.91885,241.0378049,0.813559885,0.175421055,4033.312815,8.021518592,26660.41796,4.272091374,5981.745974,,37.20663035,1.148621927,,54.58515469,0.67857087,91.15654438,0.592616435,372.5285912,7989.624023,0.292357721,,0.403290465,1232.399597,0.044438153,,6.22512994,5032.730936,2076.012982,0.970839787,211.9185027,0.335369779,0.683922976,,0.802200135,,6.184478386,0.19650007,2451.618431,3.472922831,1858.276329,3.224053225,,604.0464515,,762.6062837,10.47412725,1482.616384,42.60857436,,41606.60483,2910.613925,0.795719922,60585.61032,82500.76413,,154200.9818,0.951057418,73.0348616,6.382469779,0.07613222,1.385603552,17.89125669,60250.50026,821.269801,0.811733273,110.9540569,0.139261418,,6292.054036,74.21986183,132.569451,0.616781975,8.384114038,0.921567721,32.73078853,5061.939161,0.055034642,0.231622247,351.6922188,0.328586809,13571.94728,26246.52225,1.329500067,0.105585111,169.499558,62993.4441,,0.60445846,355.594738,7053.372856,6386.315456,62.42888122,21.73918533,5873.07653,14499.21999,198.4357663,53793.71184,2.346117431,6.158697557,453.7624363,282.4124918,122.4015596,0.773262736,48978.95785,40.68277009,81962.16211,0.17418945,9320.149447,0.646086349,259.5560061,2.783300791,17472.53279,0.098100805,3.038317235,0.292988536,6.506227236,0.090877817,539.179949,5.089359839,0.845249393,0.117784022,0.151807546,8357.510762,,241.711129,0.055970531,476.7594264,6.905539272,817.0907362,2313.359669,2.945800614
Sample_31,677.1570792,1452.169723,0.756316334,21.45999743,15593.03343,201.9616181,1491.352261,229.7900691,13.60575143,0.745362551,0.335229923,5.130090523,3395.086937,78.69180565,1.102759889,,11.57244684,2634.092227,0.31934791,0.109446838,0.558622276,868.807771,10467.04494,0.133936252,7116.489122,0.015791886,5.856038543,8.441172532,1789.761539,0.500906692,1.702448589,10016.39478,97.22090082,9.978953808,0.069922047,,56.79296548,1943.667698,144.5758573,2.527169645,72.12519336,38.47439105,187.2395495,10.34940392,91.00048384,90.69847172,14.49150478,4001.742747,0.191205745,7658.03844,47.97360532,0.674654492,5.756282575,0.063691842,6042.520186,3.157044435,5.551981919,0.185967793,0.198768078,2.892812017,336.9731991,1.057646113,1.033660534,153406.4977,0.743585957,1170.437943,66.68221503,4.397294483,1880.283356,8798.863594,102.8924304,,0.567217737,6639.778889,59.47971645,,3.162532378,6394.281902,,50.38316694,1.996095277,,12.83117477,0.065581466,45.40740288,0.35012176,2343.863124,5181.475414,1.083563729,1.181242415,0.043881546,142.5572424,0.292146265,1105.526316,43.39194511,3327.280514,3802.626656,24.80338217,,0.273716406,0.851522215,2855.133636,0.382196195,100140.2122,7.911828493,1.842685226,5450.645491,0.555769478,677.2810949,4.846646158,0.524037338,301.4861183,27.57483223,102.7022986,,3064.954412,169.7648393,0.741590686,,,0.043411292,155903.142,139192.4518,34.2549347,23302.80315,0.198450493,81.50217533,17.27134732,0.971945416,1.486450109,69.72959098,28886.32151,141.9376274,0.271427292,75.79310612,0.322276206,77.38238451,3688.320674,76.6476451,50.86373578,3.505198618,,0.954841367,15.2601701,2460.570514,0.065904059,0.909642948,3896.097123,0.188291243,47555.09114,1391.966626,4.837310429,0.055801864,197.7913731,2634.13778,,0.66797139,130.3624681,5182.03585,1679.087353,95.55094107,63.76170229,9290.45537,1390.490203,366.0501758,54078.8592,0.153779948,6.843489121,991.6452059,646.6437008,722.2949176,,57686.03068,14.86313234,62420.13791,2.049569501,394.5193823,0.51564199,,,91956.61903,3.112589725,0.908264807,1.001611419,9.150525378,0.545224948,1510.296271,4.664745431,1.06801722,0.115953758,0.139802388,273.6489587,0.701255898,78.7304056,0.022727284,5160.047557,3.254486799,861.7535933,4749.500666,2.38296805
Sample_32,330.3921916,1034.950244,0.823276808,11.29333415,7716.963302,5150.32849,3497.616276,4211.130844,8.349702265,1.112238216,0.592855312,0.432305754,19481.04765,,0.693625895,18138.9305,97.79619839,4004.935519,0.579701368,0.002381637,0.053282391,666.8121223,13897.36903,0.529731292,13820.97793,0.030090356,2.500247537,0.308889698,1677.848806,0.083890422,0.620268457,9762.600313,,17.53685281,0.013388998,31231.01965,41.74126113,294.2642851,876.6420534,1.229650268,70.03831419,84.3980758,,33.23497934,20.53040689,18.5718382,17.62581246,28426.15107,0.21300786,3937.997675,32.7151716,0.879571166,8.480223033,0.054620877,7845.943677,1.858002344,5.326744945,1.536385142,0.141603036,1.107863372,700.9687267,1.684980587,0.343207591,101111.6398,1.524310771,306.6310704,,1.632640441,40961.05831,1587.690625,128.4192469,1.20210662,0.280998157,1845.657242,11.26048544,56840.15796,3.686689742,9691.803953,0.610774762,37.3059141,1.866853325,4.615071413,11.18040915,0.663297103,47.88780313,0.133171799,1133.37361,12999.36064,1.440065718,0.338051948,0.120134767,2555.797508,0.168781651,67.43931332,57.92608037,3071.863543,422.3837964,7.001361117,,0.498381454,0.148413893,445.4992798,0.132576832,25676.8729,3.89756866,1.937300413,17296.70894,2.321830992,,0.370619388,0.236310878,125.5772905,8.180922769,1896.110627,0.994719292,872.9706644,262.2475585,1.232725145,85322.57237,8187.501018,0.742004089,318393.7683,89787.42864,13.53880192,447980.671,0.162779012,95.68230689,5.7109575,1.292012239,0.208758757,42.68614627,,293.4530469,0.75380066,85.57875998,0.023654805,11.89879815,2760.696371,4.570594502,261.3783072,0.304690183,5.856646075,3.208062703,9.753747835,4336.559585,0.198348311,0.927367687,1015.777143,,562502.3194,44347.14429,1.808751181,0.027334355,135.0209865,60717.74683,10785.82208,0.22310767,90.03938986,6770.81367,28513.9996,229.3723117,21.71099006,1406.118089,13706.86722,127.9984642,2615.434906,4.462672153,7.270325971,331.8421174,86.72598346,488.3288956,0.59171803,9022.82792,19.52126871,455139.753,3.82365313,4061.064115,0.925025574,26.28059429,5.891389319,43067.79024,1.818932827,6.396463049,0.207995182,17.1075937,,2146.238207,,0.645354107,0.064130423,0.035945771,8732.228357,0.69673098,530.9427989,0.013738894,11223.74134,0.155444964,,9229.382194,0.538444963
Sample_33,,,0.008010997,5.835246715,11464.13919,727.7622778,1242.156626,2040.832878,6.412962502,1.036500474,0.378798947,2.795626578,4208.782596,56.94910135,0.02269658,13476.88112,182.0239921,1439.509899,,0.227668547,0.074889531,2903.653079,5340.20742,0.763739365,38768.8224,0.940098709,3.647815897,29.86258969,692.3090559,0.370317812,6.735696161,2519.493953,8.309300045,6.644907162,0.477420611,19493.92894,82.5797867,220.7558298,228.0208704,6.977658809,94.53292747,3.653951004,1061.489716,26.43913037,47.79442343,52.11357766,83.53754847,162.9372035,0.689251168,7227.59672,56.15061857,0.159240063,6.093123694,0.017218401,5328.267843,3.395567018,3.492837834,,0.10509129,5.069586058,720.5139234,3.75677589,0.427416497,80921.70028,0.155069199,1210.673631,68.54083665,3.253859547,10691.58349,2695.479157,168.1563704,3.099892188,0.536618196,1856.718254,33.33330664,25400.24017,3.489881729,6550.487823,3.029723139,,4.282381369,1.391832464,82.9931161,0.591657501,45.98638767,0.445177319,1777.484196,6450.497445,0.378288299,1.201415725,0.111801553,344.7573153,0.020898432,1685.482306,131.9524738,7910.962465,2144.364429,5.25647512,,0.991095052,1.007969545,7902.816941,0.684015081,6839.699123,15.37656251,2.381298023,3325.03603,0.170498238,2813.843302,0.88166772,,410.203945,23.24103734,,8.032908026,2888.723611,100.2453582,0.57784626,47137.8804,175.0474121,0.407745765,248607.0741,48621.85036,16.81126075,175395.3586,0.476413241,50.45430755,31.59148271,0.023573046,0.066513264,16.59294543,13599.48624,253.6802398,0.003330555,30.33557739,0.099049651,102.590387,7433.550755,88.74733629,11.58396003,1.577266687,3.63049173,1.112850459,10.45772146,3161.480509,0.122560777,0.623642031,2002.787694,0.258526665,8109.45894,91441.04688,3.35518207,0.399376336,15.70044337,42253.3303,,0.27419229,902.0416887,1004.545125,20190.23724,238.7463212,38.65686035,8481.764691,728.0012025,162.7293276,33148.87743,2.183021648,1.260270214,,64.05594432,656.7043368,0.276000284,6513.766266,16.53648275,195961.1691,0.596996365,1985.256352,0.351163086,,0.475444067,322049.1629,2.3749663,6.2989299,0.872204655,45.08083129,0.129142827,3089.874027,1.419002746,0.332426938,0.025599969,0.451518642,,1.022266523,172.6241042,,7509.0873,5.764995146,438.1457189,861.9186663,2.260690862
Sample_34,552.5982141,2738.312065,0.691043717,0.626922446,10949.86499,1515.755032,1884.711086,5363.67704,13.87615716,0.059849135,0.009064664,1.892498311,19742.38199,62.8139212,,30917.32592,58.39812134,1849.774744,0.159257438,0.10283622,0.040455265,,4782.916675,0.3277065,6185.769748,0.506707435,4.416400517,15.62209324,1408.346974,0.422253733,2.061699164,8729.239188,10.32455842,23.79401973,0.012081543,18287.46716,65.68909119,4023.185537,273.5886181,1.494637524,37.06512319,4.02037403,207.2671895,0.724682086,13.62175456,73.89514877,26.01159714,4249.715272,0.319846844,,44.30547803,0.330082408,18.65725314,,6652.480905,1.245003768,2.702187283,0.359087753,0.072393362,9.367300558,123.3741908,5.349054274,0.32267189,33203.70574,0.649979986,462.7198979,41.47602037,5.405715446,40096.31153,5318.313147,113.8281314,2.119073158,0.526224147,514.5394959,0.173850803,22743.07126,1.960379301,3355.085053,0.021358204,80.4284631,1.602388693,3.941955396,9.457354607,0.817209474,26.61162937,0.858382401,1322.104933,1001.918213,0.500121131,0.62383376,0.665156503,933.5333521,0.008151837,235.130088,94.55065512,6570.807648,8405.809756,15.08519076,405.9984311,0.264406134,0.033348089,9710.414904,0.210821597,5381.407154,,1.006769269,382.8708082,7.578961747,26.69261793,9.173222631,1.818825515,175.0790409,79.20442466,730.2740863,4.321864455,9960.167104,54.65303781,1.053731634,78572.87513,4871.320198,0.889107808,438778.8296,114078.7939,43.37053642,42828.26598,0.318772028,20.94845424,8.287244189,0.61385311,1.42023803,134.2983991,15137.5632,334.4851091,0.866940492,381.0161618,0.317326245,18.8926531,3488.044977,41.65623225,367.6933903,,8.566671452,3.121139714,17.63212305,4917.621638,0.098815676,0.34596384,439.0473978,1.073202204,397088.5344,19990.26562,,0.148009715,52.275258,19245.58732,3892.090835,0.078780819,78.02034798,8844.409891,26952.89906,86.3999646,45.71945471,801.9594729,811.7216511,98.39053281,1089.928748,6.971193438,0.467752797,315.3194108,181.4861774,242.176939,0.696051356,,31.77367454,13955.76354,4.192020327,7683.969126,0.194374117,1.376161603,1.760797156,27717.59485,4.476263883,,0.068845261,9.90752799,0.19793313,1008.895001,19.92552422,,0.001863657,0.67161035,6145.211367,3.657675308,16.93861069,0.440295045,7129.164271,4.33270803,1243.250939,1912.727671,4.821862665
Sample_35,229.8837948,1596.231736,0.10768752,5.638710527,45755.49965,3105.476431,861.0170972,4434.419926,3.486636145,0.069287079,,5.7231741,15711.72721,32.32028499,0.635927425,18296.47157,74.37669587,8182.044627,1.138517225,0.01577876,0.039544458,1854.169127,4711.952067,0.715850048,25091.90391,0.453202187,1.875112102,16.30435128,509.9385543,0.622128685,9.507411626,8276.700556,17.601231,6.310593849,0.09855738,8647.207323,83.86695554,1528.028529,1503.31846,,12.50771638,9.472746773,,20.73059935,51.21464892,2.921729373,18.16194222,4613.351399,0.132967339,7349.493706,152.7940974,0.322546338,10.97135669,0.068476657,6046.628108,3.449443921,1.397474733,1.033913335,0.012003501,,335.0558774,,0.911736621,68289.64258,0.521811611,8045.46791,76.88947522,4.84227393,70922.9526,1112.995026,572.8305005,1.087986409,0.599888034,1757.570324,5.322729882,238509.2271,0.357865988,3521.38532,0.114888083,93.62018532,1.838169749,,60.2205426,0.959029686,102.1545361,0.450061776,1724.571009,6532.333521,0.366808592,0.563447902,1.037295925,283.9398531,0.192396023,506.9568714,7.436918667,5713.45475,6277.75355,8.535085047,486.2954262,0.29019073,0.237860013,3615.590062,0.185243344,14928.9503,43.93227233,0.210046117,8159.118244,2.569985461,615.6985726,,0.259255721,24.51644937,27.07553378,1624.672676,6.613469687,2167.491613,258.8183199,0.530771242,26734.2446,4226.039757,0.553176126,88645.81396,456941.5122,68.72315746,137386.1904,0.990195494,27.09510176,3.123092134,0.070838195,0.152317677,152.06016,31614.3836,204.9044116,0.377340151,533.5339872,0.354753614,79.76135533,6746.60775,59.76301761,504.9372083,2.453967606,5.906211132,2.549128138,5.542207317,7776.998981,0.115415123,0.131558864,1173.054482,0.166483953,223185.2919,90693.07444,2.063157258,0.064612369,615.2241304,,871.0468956,0.178219289,296.1761355,,4871.226393,,56.12301936,5253.918629,4392.108623,668.0012097,4382.835253,,0.034291547,,195.46308,43.02150403,0.239980857,15093.32257,2.598136414,130774.5563,0.707120305,4699.371024,0.159014641,85.39489246,5.253941956,,3.491115671,2.903632221,0.400108656,8.109919453,0.69256295,2127.316981,,0.160042906,0.062139243,0.108366083,7303.040393,1.772769071,133.7208402,0.034161497,8368.405634,0.341072039,1423.995801,1266.934196,5.044794321
Sample_36,78.75186264,575.5945047,0.057196139,5.933609063,31191.53414,3339.27975,,2552.450035,1.361454039,0.302014062,0.412939209,2.336964157,10574.05782,83.50965166,3.324804563,30842.6356,23.94721287,7738.089566,0.993612382,0.028750494,0.054832466,1514.417657,32354.16844,0.842032219,18938.13373,0.849013022,2.099487764,11.01801968,2913.094942,0.707289615,2.930563853,5656.347564,,2.565293639,0.008131086,34234.78218,73.24679628,681.7825985,,2.621380085,47.49894966,70.53084896,44.72537749,7.47021736,59.62331652,29.15386517,45.64224261,4847.601378,0.633890696,5787.849879,13.51411339,0.447052431,16.49533309,0.172762628,8087.964411,8.36553664,0.731374822,0.167980264,0.056210048,2.582662872,203.1458582,3.158254851,0.745547285,63949.3889,0.775216807,7541.732974,53.49357324,,53321.21405,1003.396543,479.8318067,1.269195285,0.920178469,2095.135489,25.40864241,13491.30048,3.108734001,3813.684833,0.015731969,63.94699388,0.879701191,0.906649331,67.2820384,0.345337737,,0.615564531,74.49210746,8944.406257,0.454459683,,,181.0220047,,956.8795529,142.8200068,3727.240831,10426.53575,10.62157622,1036.339942,1.424828084,0.637359931,2731.73417,0.121650133,15199.30426,20.13992431,0.028415038,1981.291354,,652.9900594,3.606764774,0.758129291,236.507934,28.55411692,240.6638061,12.34736967,,193.7744249,0.149402745,31622.03337,5421.916489,0.490616746,,429228.8087,139.1738663,24555.63344,,48.03263423,7.949429668,0.651397344,0.385777041,18.12153151,67305.06645,14.89339432,0.73833751,299.9147666,0.12239393,134.5405223,4276.304931,32.10486325,511.1437425,,1.711844586,4.384835637,4.390579054,9255.540221,0.005656683,0.34524495,2198.949124,1.039671055,164735.8921,159867.1962,2.874898689,0.119126181,759.9309957,25190.55065,,0.061666417,68.35981486,1208.857867,12845.71266,1150.228258,27.55866174,7475.297298,821.0493036,163.2829909,20610.47065,5.670434901,,269.4106003,83.14793131,46.18774051,0.620720296,56219.73364,13.67526821,126730.2837,2.829320323,7182.152397,0.391744343,113.8526626,1.446149804,194559.0315,3.158283436,0.959999337,0.167715632,6.502902681,0.114329802,994.4176094,1.18504466,0.968915401,0.337026708,0.004752621,4780.042905,7.193057054,206.282877,0.039175989,2425.687701,1.452599262,793.6918333,9326.670786,1.36358527
Sample_37,195.6044937,2859.576133,0.186174938,20.72700049,28453.37004,263.2283029,1154.283473,2058.537204,,0.188193539,0.049009345,1.387563725,15509.38764,80.12267192,0.168551306,8463.586982,31.68110204,8648.572319,0.46873672,,0.179005511,194.9607716,39858.24036,0.71061393,8436.702832,0.526545892,2.464417401,15.29554134,1078.483793,0.563341083,3.841489643,,50.07958432,3.216008941,0.006328846,14786.62486,,2197.839032,1857.129198,3.039962615,20.59766753,1.861246335,288.140795,5.620686731,29.66770241,64.12829345,85.50677805,1231.865226,0.753258776,7809.13544,185.213114,0.183639193,5.044917635,,6058.520857,2.234840021,1.486500529,1.561865993,0.202911119,2.275557379,490.1550952,3.052967361,0.386416326,255531.6544,0.32465845,108.7918424,69.24118894,6.919500268,27646.97135,10380.59378,,,1.062935819,3576.923391,17.67488044,10627.872,0.925925021,2587.818527,3.502750926,48.47503262,3.360203746,0.044414263,65.10958342,2.45756972,87.51876348,0.39537548,1442.276748,8644.082792,0.314324058,1.746158573,0.518357322,580.4310989,0.018040653,169.8705383,82.71023711,2979.900569,2024.058385,15.42912382,1149.891991,0.548220049,0.348955246,8471.235719,0.9975146,8454.412871,1.426433588,9.164457563,4258.990046,4.77816256,1316.809643,1.373501135,0.048882643,504.9983862,2.161832906,,10.15485172,9160.885675,1168.695931,,5720.354924,5514.856697,0.727270831,419991.4262,9196.43561,62.96337737,352210.5091,0.83499092,24.68505112,6.27208351,0.397248512,0.040486252,46.82515558,52431.853,76.81762549,1.27160568,20.84980208,0.004166609,13.91384742,6462.091699,,589.795825,,0.841377439,2.836905147,10.73053545,8093.622421,0.10541177,0.650576807,1248.090222,1.125622315,376125.9368,26914.25786,3.913697994,0.05762043,610.8200067,25540.6573,3415.786575,0.160707663,722.2287548,337.6064079,58049.26792,474.9479006,35.10113185,4421.763882,7224.078489,314.0725335,28236.42709,0.456608277,6.646311134,627.7635876,85.89419778,379.6098533,0.121194934,1257.56392,46.58865253,163285.5907,3.506977957,94.30625234,0.760569573,63.71083637,,128617.6446,5.831264586,0.026903631,1.064512385,1.449429206,1.685690122,2362.191463,9.795449764,,0.109412272,0.142915407,4911.132424,2.179219182,422.6563774,0.089152381,3768.837101,2.611036667,3150.420349,7373.21655,6.277955042
Sample_38,287.2306696,282.6607749,0.843129094,1.128129717,6303.544809,825.1279527,5260.368294,3950.066252,10.34033354,,0.451038569,3.176079093,19798.05731,,1.105757786,,27.71926944,7044.746728,1.167301651,0.14696836,0.087463718,639.6130903,22127.32969,0.505434847,40564.6911,0.63263219,6.010792728,3.471784573,195.9298235,0.676849042,,3897.203974,63.60995253,17.17334301,0.028696092,20804.49723,47.84046923,13.88937311,462.0206948,5.07105115,13.32908474,2.330094836,207.9402737,27.35651333,119.5591131,22.66280387,95.81332676,6044.78244,0.009779048,2311.569832,,0.847360242,11.41654949,0.067581672,19560.24754,4.983138348,1.046846285,0.198317101,0.050380796,2.095260802,98.39383899,2.714912925,0.320509262,13507.49345,0.201602823,9734.287964,33.46975693,1.653102195,54969.31695,,274.1649925,,0.54962836,1829.200309,11.7166652,18674.64132,6.69698264,8382.679694,,81.63864682,7.175012227,0.129913023,66.91391362,0.232042351,,,276.6222436,,,0.436966986,0.360807447,3971.511715,0.106379784,,50.01175579,6143.90656,,1.582085889,1121.027133,0.445939577,0.358227149,9618.523003,1.025667352,4151.656442,0.394433537,0.506546443,6900.276657,8.035844163,494.3590892,0.255422729,0.054344016,112.777564,36.79949035,2500.810996,5.282092725,3964.174996,501.3566982,0.209890504,8808.089604,5788.154782,0.064429999,91587.17218,284932.5823,55.67423339,106998.2187,1.086239259,,19.08156415,0.124627757,0.474401369,51.42058081,23508.15132,503.0306269,0.728570186,246.6243172,0.018108772,147.7263327,6343.770175,47.19055519,93.01498382,0.958092559,6.04372603,0.262177443,0.990005923,3632.613638,,1.092482222,3975.521477,0.524705086,181844.6976,,2.700979418,0.016841946,70.72510267,53154.85619,3285.084491,0.288370347,20.83904781,5379.154685,6337.729267,30.68917373,39.55168344,3968.571437,15617.91572,89.04852524,23113.31972,,2.330271682,575.6337622,167.7370269,849.374498,,57698.92329,19.97801939,29934.3861,,2186.672277,0.408623179,10.28996222,,354328.2885,,1.736908862,,,0.226434069,1694.234166,0.865210958,0.599892899,,0.076917694,7376.22637,3.599086908,81.25877306,0.092460819,4427.263001,1.949302611,1087.476615,6674.770973,2.979472991
Sample_39,220.9272479,3757.802507,0.279032577,15.23894708,21926.34269,4616.130159,965.1271265,1057.703093,1.938293485,0.658809002,0.129057273,0.264809817,33520.91687,18.95538509,0.603432433,3307.224604,1.265607948,5513.992275,2.784715702,,0.033874107,327.2641061,7679.799037,,63943.37958,0.744121008,1.740057029,,965.0347086,0.063134801,0.027694113,5559.445174,1.431862745,5.927518833,0.079630405,62360.93028,84.53000201,1245.313838,,3.645189177,76.35922096,,427.9398549,19.45914828,52.60404147,27.54230659,93.92048178,4186.162813,0.805138525,7382.784903,29.79880503,0.137159623,1.597476838,0.064873875,6563.821935,,5.06491416,0.458341874,0.099684709,0.337649221,385.0378109,6.719802687,0.63321607,102671.3621,0.091069852,3358.148756,74.94119685,1.835041807,81602.36114,4136.212246,408.7909658,3.534335615,,7136.148036,5.307566824,36835.58737,3.464533795,,0.377972073,69.13151312,2.002021061,,,0.014639546,24.88823465,0.345681813,161.523734,8123.097603,1.011442579,,0.567856994,357.2941499,0.018470029,99.71310869,49.73194513,6719.152702,10818.23049,2.848695496,286.8110572,0.601635768,0.294233987,6097.779422,0.62175214,,,1.086398213,10396.68529,5.855154705,264.4994951,0.924651926,0.977706428,211.9298251,38.73510989,641.8959343,2.399075956,6178.698667,208.3318029,0.807035564,19993.15458,3327.762464,0.269868633,,112129.8246,46.6285636,473813.6443,0.895846638,,9.800257192,1.03791389,0.126963925,,,141.5506258,2.618090574,42.28726985,0.215476378,298.9460885,8758.422853,,,0.479857775,3.664559568,8.466464525,10.75249912,,0.080286524,,617.5377445,,283115.5851,12200.95266,1.932188805,0.060272716,242.9351968,39526.26254,492.2786204,0.234978995,148.2063742,7509.076414,2015.974178,330.4327428,14.01617144,9292.802209,1533.004691,290.5430464,53947.21851,6.621922425,2.743742681,631.3433476,81.68590727,282.9060439,0.011242108,37345.98404,19.50538239,466331.319,4.491424761,7051.383624,0.075760514,61.35238398,4.20351001,102375.9799,5.172734681,3.93508621,0.649778734,3.330878942,1.323381641,1471.240474,15.66878043,0.582023255,0.352320012,0.001540976,5085.660199,0.187267582,36.40530581,0.073479285,9089.994038,3.7006139,1492.724767,1650.225086,0.894661127
Sample_40,620.8628728,940.150716,0.037707489,30.71425199,127695.6615,2071.295653,385.7349063,345.2501907,6.331895076,0.054103911,0.288760535,8.099687836,21249.00354,53.88229106,1.550868081,27977.84666,41.55998474,2751.943964,0.384804073,0.153060005,0.27215711,904.2470577,22255.3439,0.25198601,50250.93945,0.66488266,6.35515638,8.294322855,1370.576253,0.481490809,1.833720326,2643.533436,24.42068694,4.173958924,0.196924425,36132.49448,63.07049689,1606.839121,162.9944907,6.310023754,18.98359996,1.997938631,,13.28113291,0.499176888,97.57283442,87.10071415,4805.933027,0.31232034,3023.032205,105.8581403,0.717396158,30.16618813,,10980.45833,0.194775862,3.701645235,0.336922904,0.020609487,4.36246612,,0.595263121,0.297224307,129012.1166,0.816499263,6993.836827,65.00051943,0.400208069,38201.17803,,,4.433684823,0.244319333,723.968032,,44518.71747,3.432123584,6943.138942,0.850642405,16.48157562,2.888684053,,66.34726736,,12.60682919,0.762281147,1096.833793,6883.775458,1.258430824,0.026778538,0.406314016,1224.517253,0.044992607,211.8018872,39.34634962,6436.904945,2626.179377,28.0055633,1942.285509,0.779989978,0.065449214,446.1388614,0.009534055,31673.6245,30.73594686,3.665702179,1587.841559,1.969895388,722.8291099,0.381827721,0.123454175,402.5542548,25.5648399,850.1471609,29.9778802,899.7889526,127.0423481,0.811774108,45724.7172,8764.2257,0.750525744,312710.1663,181909.0159,24.62894128,261530.2227,0.823114262,22.66619285,8.963510144,0.009138301,1.075472671,11.56772985,,403.1405914,,237.7958993,0.098006898,61.35197995,,6.39400013,98.04948835,1.12187634,1.831388686,3.041158757,17.51562463,1245.777819,0.21199019,0.937884308,1250.159006,0.133287605,,6402.710865,8.584381298,0.059726947,268.1213446,58687.63283,11306.37596,0.252836962,138.9934024,1187.199387,21493.78982,221.9303495,311.2290633,5980.076554,1772.824005,186.1029206,53241.85214,9.536996927,1.403425502,332.8430866,18.33328778,562.6670131,0.752606357,,47.976053,,3.196377128,3191.234109,0.192877421,114.8582634,5.020311387,41151.0831,0.723172017,3.897498987,0.495783958,1.78878151,0.506855768,401.5684416,9.946591765,1.029229988,0.181511591,0.097985401,1250.659468,0.906300676,786.3314321,0.388860433,4659.341919,,1053.636094,9403.426735,7.706678802
Sample_41,835.7391526,4075.667647,,5.429650745,59564.49771,1250.102276,2514.202401,5578.255849,5.220269086,1.213304937,0.51403937,1.370041932,25615.10239,28.66699187,0.314392334,1528.421754,24.94523067,1507.601835,2.52331022,0.015455313,0.006271141,1160.888868,14868.58138,,,0.285859655,2.119609089,4.797867061,518.4509886,0.393721968,0.273177681,1017.967023,17.06256439,4.88743298,0.849137252,25216.19357,14.08847778,1132.554449,177.2200444,1.710479355,59.79821781,39.65027531,357.7043775,,74.98975313,18.97626491,116.6407134,8129.122814,0.27340287,969.1748009,15.03615506,0.788594064,15.61188245,0.058069919,2680.051423,,0.784977909,0.218079193,0.063120449,3.707338877,106.9942798,0.532528251,0.729640235,,0.131521279,8018.118587,17.73190564,0.727216637,31224.56979,2996.355182,,4.519600121,0.726826085,4196.662622,16.39816304,68117.43722,0.878713269,6826.307775,0.625178283,81.12077212,0.008170172,5.437056781,,1.503739916,75.56771541,0.362004285,613.0785154,5445.502268,0.945950387,0.308294107,0.802003701,998.8934562,0.182008697,66.92788105,184.2008618,9034.207528,3210.18781,6.543236494,1094.393132,0.262634085,0.336479759,5629.258288,0.885290303,47332.36065,5.299972229,0.024030844,1723.452286,,960.0229407,7.042161355,0.310264967,137.0311452,65.08173391,1389.224971,1.948501971,5674.305317,1848.152718,,54599.67381,8366.399344,0.315766152,,45500.7916,,155612.8744,0.969871084,64.1348261,13.72235782,0.494524269,0.308428446,103.5534664,18641.74808,508.9973531,0.022174946,79.90113829,0.031235779,183.7702182,41959.53198,20.7719908,611.9733124,0.641933001,0.416177521,0.696298935,35.7051653,6062.463903,0.067755189,0.271266661,240.7285361,,70310.2299,944.9204869,3.964833281,0.164683979,148.1788818,61690.21423,6495.171154,0.390636484,951.90822,9148.373818,11841.34402,156.5772059,42.42987146,8752.323964,7611.550552,,2653.164916,3.387367698,5.021166516,36.568565,478.6336809,95.48908869,0.937868868,40752.86208,5.444174662,192096.0573,6.020240664,5932.349553,0.27901655,25.96610416,2.074170812,16644.65047,,2.2891449,0.661409193,6.146842818,0.197768748,2007.107855,4.123401359,1.022307445,0.030524636,0.220943709,3763.481482,3.16086929,223.4655585,0.189544945,7077.989447,4.09347093,2543.582704,3952.801823,
Sample_42,238.4970948,156.1919631,0.598753277,8.128922168,1566.532616,,1351.892966,5038.570614,30.07201219,1.470178663,0.395038742,3.975574176,5402.807157,26.5685221,0.094998485,6316.179445,74.1925818,3511.203095,0.730007393,0.093501145,0.030308212,720.9238872,36156.04466,0.756504918,55220.34944,0.713586443,2.331721253,17.89054741,1194.676005,0.229937312,3.324981628,1571.171467,47.63898047,11.35001466,0.039580946,38294.4604,40.555502,390.708915,2590.175025,5.126998872,85.38402716,10.86287782,230.5924015,1.041049747,18.53376834,119.6392841,68.3892209,3131.263318,0.420259598,655.5120822,75.01643846,0.023319267,6.945578607,0.364678705,,0.774605326,0.090981546,0.832407225,,4.558142919,733.0501316,2.761587457,0.002937167,713559.294,0.740502229,4989.073526,27.25961508,2.382247323,53107.81906,2362.260292,514.2445739,8.502798598,0.66818773,8509.661447,20.15685434,77231.79817,,2185.48886,,,1.564939245,5.646067359,71.41432606,1.355549656,46.9960853,0.556849181,,1113.566855,1.254245314,0.090041788,,,0.156189257,1089.810178,119.9244728,5479.379062,9127.382195,17.22848525,1124.478873,0.212368278,0.847199701,6914.533005,0.176299234,46192.98366,26.16893042,9.438972894,,2.336192448,,2.00509807,0.826275631,147.2839109,68.92438127,1143.993346,11.40720793,5050.38952,28.73909729,0.394363828,42755.55243,6801.583004,0.633299607,5826.006872,464522.7544,105.403699,148308.0966,,18.43641061,,1.097874171,,133.9388105,26284.13513,101.5359422,0.175773217,,0.117938839,183.9346882,14290.28936,104.2614466,73.12524264,1.152394366,6.085457981,,27.73624879,8107.74495,0.089747016,0.205045106,1931.113989,0.660169383,121946.3022,11573.02488,1.079370626,0.040678761,161.0259348,8306.513585,7901.990387,0.649614475,406.7509984,3782.829521,26350.29945,676.1350917,78.5962202,,7177.367893,167.1997325,176242.281,4.138022832,1.754277037,396.0655586,444.8204494,87.80364231,0.395160689,6903.694323,43.80118272,140838.1087,3.088229465,1432.367477,0.069196222,38.04969078,7.118560193,172049.0449,5.039645623,,,5.814485384,0.380204707,4290.631625,2.21175936,0.613203991,0.111645333,0.165508843,2714.908348,0.903710779,,0.036548595,589.9256691,3.663377596,79.22890774,6808.724921,5.392755708
Sample_43,291.8287803,,0.237905262,8.963241063,23910.53225,1803.675375,,1195.163215,8.467016918,0.437910225,0.31612439,8.851979227,8863.32775,22.28576371,0.582678028,79098.26479,54.5538676,1810.286947,,0.009400036,0.133898719,1138.664835,102173.3382,0.805123595,15511.78963,0.508733206,5.49886812,5.486111535,148.1500992,0.426809729,1.55623444,3669.223055,29.43842773,0.429212823,0.000375649,22308.7939,57.53945928,2500.711099,366.7777462,0.476169387,27.02276086,9.336263459,236.4442463,3.0611701,56.16564556,9.538308078,16.73660733,,0.621962172,9449.810741,64.4649951,0.702420047,32.60073603,0.190703127,4039.607515,3.029068689,0.88186862,0.269607651,0.019669892,3.162069549,141.2443877,2.437313593,0.150580198,219374.3962,0.365810403,4233.418942,99.79301497,0.438757049,52828.58376,3648.253884,369.0324817,4.117586473,0.876201673,6554.383808,15.96447624,130114.2131,9.956836719,2034.69312,0.177574551,24.76891607,11.66324303,2.19883538,53.04623288,0.15775414,40.27224775,0.666752236,360.1138269,,0.14990088,1.061466028,0.770803627,1951.616402,0.239169049,846.1920537,34.92628295,955.3698329,240.0631563,7.47436702,2138.86017,0.503437411,0.26767144,10599.31038,0.499917969,38758.92872,5.997518029,,4781.928289,4.497045874,545.2681729,0.257234729,0.892341553,418.7634294,,516.1524423,1.426033162,4269.892811,70.68516825,0.495146998,46256.82394,5258.618568,0.322030049,,67061.87002,110.7696856,97259.22487,0.174797351,67.40757226,14.68688977,0.482228898,0.707865855,2.936386937,2997.346485,241.4682057,0.697207962,,0.137360916,17.79631271,930.0297235,86.03024811,95.30214966,2.967170607,2.30494175,5.503821151,4.594546374,6100.838319,0.040050557,0.846435539,903.6216238,1.14835508,203255.7595,67764.9014,0.546503422,0.063147814,,58755.62148,4691.561653,0.833032287,169.4316751,8728.671427,18580.69141,98.09928588,19.0015563,3176.262048,7919.422238,,86053.58898,0.446314214,2.86452331,27.71605023,215.643176,237.7416048,0.84217627,13678.23697,45.74582569,238081.3237,1.734413325,1501.73884,,31.12739135,6.007009909,20597.89839,4.733465314,5.13526817,0.124705633,7.500641233,0.332793963,2419.878223,3.886873478,0.073769147,0.087829504,0.092053682,7573.786733,2.888962879,706.9797931,0.247324022,8600.93648,1.390197301,4558.047653,884.3459103,4.290701491
Sample_44,,134.1754979,0.190333876,21.20600329,72022.16677,481.8138972,,335.205967,16.38902867,0.762328361,0.161236025,0.838456672,23340.07873,61.48867934,0.06830783,81530.60318,78.7609404,2579.356905,0.076206068,0.389873358,,1614.769643,31880.26188,0.196987421,8024.150344,,5.797297423,2.539548737,,0.587510203,1.358373714,3474.880673,23.55382973,6.874055042,0.089292157,63580.73767,56.82960549,54.84174122,401.9524635,0.84465415,2.435490541,8.040776826,203.4906457,2.265178501,50.57023776,175.1321686,46.59520176,5044.949416,0.432274402,9557.886022,,0.449990001,20.85743512,0.080503667,4698.811262,2.684699491,0.175965153,0.666383349,0.184620089,4.825025495,51.92890257,0.442742434,0.609442779,100357.6635,1.454884384,7990.183236,82.77753388,1.19822675,5766.990269,1266.408356,153.1311805,3.435619092,0.393028027,950.2844589,0.501433879,16136.27549,6.925738651,5716.547969,0.548466497,97.49012775,0.268317839,,29.71269081,,10.14405008,0.448042343,1137.668989,420.8635014,,0.223122387,0.887626069,658.6662775,0.203267592,69.86336479,76.67580777,,1716.694053,1.041056481,74.32755855,1.652197792,0.602785498,11761.76346,0.314056957,23053.98758,9.93241662,4.866384858,4549.810695,1.314204539,1058.93401,3.883574835,0.061577213,348.7582435,,1292.222853,4.850270577,3015.587434,178.2054023,0.531513063,14197.87273,8445.894122,0.16421665,296711.0236,65340.87296,235.2159704,245248.2184,0.34252962,60.81477329,59.79476907,0.750763216,0.467622338,32.55638781,46781.28069,239.5482634,,897.6870574,0.239190751,15.08003802,,34.60288406,580.3897926,1.67825567,6.011880356,2.566799121,1.427763035,4883.398065,0.001071346,,,0.425096684,33326.93686,3128.779566,1.974672662,0.092854021,512.257627,19739.9255,4343.394225,1.026861477,569.1277333,6780.413212,54341.14624,7.152182087,14.5284803,10056.19272,6789.825041,593.8841044,25590.91364,6.498885052,1.049734718,236.6159341,,173.1480439,0.116582943,18758.55969,,257322.4349,2.557287126,7397.705091,,11.02135055,,54278.04008,1.315334331,0.445924023,0.915081354,2.160663691,0.931186502,631.0899763,6.591258737,0.652726434,0.081943968,0.062742368,1902.022569,9.483140805,271.07623,0.254536179,5710.759426,1.179601322,358.0569685,4576.581476,0.816116291
Sample_45,363.1468165,3164.94706,0.480784308,11.41108972,96164.60258,1158.036996,1714.648879,1233.735936,7.841928485,2.132435788,0.795961234,2.901023762,30243.07242,69.51396435,1.513265236,31312.57109,1.172986426,6742.397548,0.123288455,0.124510482,0.008983765,1128.75555,10733.37781,0.64922038,27156.8654,0.119233986,5.219417723,21.23632296,1610.566826,0.326071359,3.76261145,1928.113766,19.43381813,,0.019381786,36188.93963,1.85153778,302.6902426,357.855739,5.958642819,62.90122109,24.4671214,38.66064041,14.33580771,115.2651886,47.27472446,40.97045027,1031.325103,,4258.567473,82.07726357,0.889497714,13.54717951,0.101793747,3196.587164,3.21981551,1.215280071,0.343363483,0.18905521,4.249310099,332.7810151,1.537218036,0.051896991,331060.2527,0.337075827,1501.075416,42.96195016,1.460572543,102150.5567,6354.355956,,4.216691423,0.9928116,5929.011861,10.6116891,11136.03375,2.457688363,8658.199811,0.203140477,53.10187394,1.971208685,,96.84230573,0.584523561,17.97886238,0.205661958,625.2426895,1287.130375,0.472682341,0.07459789,0.628402624,176.1803037,0.131233339,2310.044634,4.021725901,2635.383977,4001.688409,,934.5707022,,0.925470902,1679.236796,1.100864928,23223.17839,27.58194775,,4368.647598,0.909049897,135.9838639,1.890817717,0.062735268,53.94146954,17.71556851,792.3973244,13.85397506,3960.045637,251.7356036,0.045080608,10823.99945,647.5413789,0.87463605,140074.8974,211155.5829,98.6399635,36710.84238,0.199359577,21.64273372,9.934446253,0.204092485,0.479844681,19.06068156,72970.47048,222.5828687,0.156031419,221.2388781,0.110214973,10.12959304,15696.32178,40.76267804,622.2542508,4.437409188,2.152942852,3.413667598,40.18979255,8060.002824,0.098791713,0.639158323,961.6664017,0.54044752,274264.1085,49782.69666,4.911396799,0.056926833,109.3823494,71426.6273,5910.01509,0.901957243,37.16345415,9809.880177,8402.714019,265.1084336,19.89436591,3975.774327,5616.148752,633.4192329,12895.99783,1.05209042,2.890694442,335.6720589,905.8476725,106.8182783,0.509691247,46007.81712,14.58470017,26547.94189,4.034492257,5027.45911,0.711218504,51.77383031,6.086852108,259360.4083,1.793448426,,0.133521931,1.526664237,1.718451251,949.1934798,12.70504918,0.046010483,0.388221589,0.185254229,3471.454162,0.127368436,172.8140042,0.624816563,245.6875338,2.056763651,174.6580684,7430.733184,1.521448672
Sample_46,48.82287261,1700.288054,,9.244178204,86844.62434,1059.791812,852.4105273,9647.807413,14.25551255,0.927719841,0.777205759,,47853.17134,64.16181884,0.333430914,27215.41672,55.12439841,8134.17895,0.041521197,0.131699518,0.03163035,,4381.925843,0.046304771,62916.67566,0.127127542,,36.4520862,180.9748688,0.454941171,2.200442757,5664.740527,11.37022946,0.793426128,0.005582996,31039.69539,28.35043933,1525.183684,773.9460803,,78.85274618,18.87525714,20.73151495,12.57390309,219.1531587,89.99680045,134.6375155,1929.518243,0.899457805,3672.309541,142.523179,0.453193941,4.341338715,0.050175363,2418.863315,1.913725944,0.71850477,0.109102513,0.081323107,0.677251769,39.0741243,4.918391359,0.488042348,,0.126427581,6700.045316,43.04685813,,89445.89927,3666.324708,122.0001238,0.964941951,0.729234485,5690.635187,8.454046956,42515.65286,1.560338697,9561.855572,0.826375735,,0.136495734,,57.27905492,,78.50763466,0.763268048,2337.41981,3540.299704,0.159937601,0.500630746,0.490648295,,0.055870873,1662.698436,52.17992334,4745.239719,4196.314975,16.97930418,1504.022284,0.707053328,0.016141525,7362.461917,0.176776542,,17.22096117,2.603326991,1738.527127,5.488070886,664.6326663,1.725876742,0.764284852,107.4819732,134.9746465,918.3580532,1.606079256,6224.876187,3.480823295,0.066896241,37044.35234,6770.505639,0.178525977,440056.7371,57564.07597,3.431812749,145322.5619,0.631127431,60.96971242,,0.01220328,,297.7713607,307.7650258,177.071882,0.408454807,107.3555651,0.115527758,14.56394495,1441.077525,135.2754808,44.84370665,0.713417428,1.035680577,2.001781353,2.804007962,1152.188953,0.061966629,0.127784615,636.1233954,0.155684499,196420.2016,129748.7921,8.155777879,0.160989409,26.64725589,14101.73846,7892.041097,0.193862199,,6801.700871,35641.3173,399.7362528,19.07656405,4249.743332,2765.932874,315.2490258,22011.4461,1.716178501,2.057577203,960.9007898,291.1642598,587.7880922,0.92685433,15598.45736,2.942590541,421514.4142,0.718331737,2538.50338,0.429969792,6.971527834,2.318406708,46477.50908,2.71227673,2.057996866,0.290463953,1.425088232,0.054934382,6150.099484,7.869427788,0.680304132,0.075538961,0.096281186,5551.832292,4.884891278,43.70420615,0.085366557,4349.530466,1.950612711,1379.123067,15338.60986,9.518154821
Sample_47,135.7614034,301.3720456,0.789904991,10.77021088,22369.23126,992.7465166,,11607.55776,8.8754592,0.187705355,0.994536856,3.099360762,28852.8396,,0.349363139,4435.265467,42.50675025,5784.306854,0.513882722,0.016431397,0.091860264,61.47329036,23136.91543,0.865589556,37596.2821,0.012200271,1.126104652,13.50727045,1244.595952,0.407436034,0.514735471,6196.965596,82.68621806,3.386454463,0.176536702,17931.50827,24.05283336,21.5778592,559.8985369,,87.87268961,1.66919997,424.8935523,7.185075661,4.834779866,44.27066979,58.0939549,603.6022397,0.402064204,8091.915665,,,0.676214118,0.107365017,831.2050696,6.237007604,7.588972085,1.349206089,0.013387394,4.474220949,605.3949535,9.544175903,0.51773915,19577.117,0.702689093,,96.61826528,1.232555245,29933.68275,1194.549611,219.6112099,,0.461065214,,0.83436715,10890.63922,2.26746538,2647.024901,0.902129768,7.160361119,,4.813608552,84.61547622,0.246133164,,1.087174423,2386.69973,2204.807897,1.668748192,1.230179972,,1204.37599,0.096761689,682.6785991,46.69548524,8599.189122,4318.55785,10.51994141,1353.366162,0.854639234,0.252635608,7866.197166,0.330765897,22989.67571,10.92631615,2.506205821,4983.574681,0.197657878,2257.22507,1.793532968,0.314848802,172.3365862,110.7799965,1827.596075,1.128223178,,43.77305778,1.585204192,60788.47564,1895.793154,0.128897932,300565.5458,598820.6087,15.93388042,158178.5444,0.831642971,6.574675898,17.57478958,1.013814428,1.802025165,100.2333111,6144.735828,320.5342568,,12.843174,0.063713655,38.53828613,18239.29739,141.5689584,8.218933328,,3.087127763,1.702790751,3.657479389,6312.104868,0.071575053,0.830701723,1404.498928,0.857335803,258929.2299,40642.17772,5.801654152,0.138562474,605.769054,21210.25018,6697.221434,0.477002844,30.28610613,112.8019835,35129.44427,7.659218681,35.96617346,7355.579221,11140.85533,104.1332661,2807.263375,4.832155042,7.063082059,535.3286879,145.4791895,79.55456758,0.307691418,75691.6573,15.77997722,305295.4178,0.139798128,7024.675966,0.510777338,63.46638392,8.65757339,112847.7873,1.217589541,0.746028113,0.140295838,7.221379656,0.501316288,1028.149339,2.156317339,,0.051532826,0.079619803,7503.934214,1.291412055,304.5435893,0.11620141,3844.180191,2.973085124,427.9430307,2248.362564,2.603153145
Sample_48,669.5412799,638.7103723,0.828617606,33.74312395,43101.42848,78.55787211,1999.742952,9576.517505,9.335889182,0.461524162,,0.44460598,19400.98517,33.4746084,0.787274179,15868.33414,105.2432549,3950.655262,0.959480784,0.100109201,0.098116978,136.5325509,54963.39156,0.178144475,16814.28115,0.119677683,0.191819976,1.210682724,969.4385514,0.79141951,5.973038602,9924.117335,38.03785537,11.48326974,0.181396849,18142.80722,2.162733984,928.6974725,348.2996977,0.680958775,94.4947318,19.95875809,187.3437109,18.37357406,7.054417189,53.66957658,,2314.517081,0.676335701,4631.725413,155.7128917,0.547674887,16.82492105,0.091362669,9611.987799,4.794670655,3.227392457,1.086077532,0.070510156,7.139704823,318.2216562,0.561909083,0.893173276,266201.4963,0.183164181,10733.22151,88.96261907,,50574.22221,7215.4156,207.2983567,2.553007554,,8563.464462,64.43992251,84258.32585,,,0.540792627,35.91881665,,2.869616719,10.44282192,0.234310481,51.57584466,0.481638367,1220.852458,2608.818401,1.250958914,1.206287969,,978.2127309,0.197511465,443.8383344,20.73056741,,6795.481433,4.798155879,2179.118447,0.797312344,1.035327651,8415.493736,,79681.36394,1.189971329,1.498877178,3359.243157,1.412600052,693.3748879,1.909059182,0.055766631,190.4518115,102.3095345,451.0398537,5.7063476,5589.460695,95.98048627,0.306107581,37627.37342,1632.788213,0.170258752,255155.9885,44003.01985,47.29183689,225210.2476,0.339499773,26.35157865,1.357363762,0.10558047,0.195946826,53.31947984,31183.29928,350.8879426,,187.1421964,0.002659715,9.63670344,,13.33765517,165.6513638,3.293773948,1.23849486,0.687910231,14.7339514,8022.814387,0.142216786,0.822026388,,1.378486176,152449.0172,29238.33868,1.574756298,0.039902587,62.9496532,39583.65938,5582.859572,0.231290326,82.38492117,5141.855691,,254.4343027,1.487395421,6713.957362,3922.492412,,30722.6889,1.620942938,2.334484545,44.76242774,412.1890244,125.5089392,0.299252868,30331.96201,5.442993162,88538.04902,0.118777374,7146.112667,0.384057433,63.46100842,1.775904966,264713.9032,0.546596756,1.190440638,0.004712684,13.13520544,1.324274516,1189.547094,5.405337727,0.556558298,0.17045804,0.068161207,272.7548666,,815.667254,0.089906693,3057.821694,3.295555565,181.6934052,,5.22175048
Sample_49,143.8555364,3407.380735,0.259002724,3.221953167,16255.25988,4536.73541,1087.524561,4609.496741,9.873607456,0.077987578,0.189129485,0.614955749,5926.96387,16.16064581,0.680429574,,42.48986486,5975.181857,0.027479331,0.160941224,0.129652398,2318.730022,9271.400965,0.490818286,4035.878157,0.122959599,2.679091481,29.81725879,844.5692345,0.169277942,7.908866925,4370.286937,72.46288375,20.57895372,0.146615376,2806.595192,1.452682151,1022.331621,61.4840419,0.626883032,41.8720397,18.92612859,193.9187079,11.29071617,129.523148,45.41914183,13.76054504,7542.61663,0.176357373,7948.650283,,0.044721777,8.327794243,0.170847534,3861.901785,2.177864843,1.400562221,0.310989059,0.252664373,0.320588341,704.9904849,3.846984874,0.099693055,5110.630039,0.716760361,8057.435199,32.78249699,1.847998767,5878.382667,1098.937094,401.0719483,1.320930721,0.334860308,4812.366365,6.317056294,22166.7975,3.885655893,930.7964844,1.305017621,3.50203116,11.32523052,1.946792557,92.80753753,,44.00592199,,57.13430137,4757.477121,,1.244181755,0.987505304,172.0027836,0.098814155,413.3350701,1.764971861,1232.13398,9324.910599,,492.7825296,0.381927809,0.70251193,8108.355165,0.032833002,9282.037022,39.96335545,0.596140137,14828.80108,1.378846093,361.1267308,2.41553378,0.613543256,250.8927631,37.09733289,,0.210128453,4417.529557,16.73673331,0.113432025,47721.33599,9262.60055,0.844185648,1767.200585,37149.65644,61.44331265,163426.8804,0.078949941,55.56660055,4.860074162,0.622201065,0.605969449,46.16577079,7618.351329,140.2955018,0.65980334,197.9581662,0.060426472,107.1650311,1313.390556,117.2513168,30.22190922,3.954902361,0.658425037,3.570102753,,2260.922335,0.043667472,0.226868842,1167.303273,0.482802208,247373.8465,1328.784795,5.251723284,0.054545355,715.0552449,47538.73571,3962.177958,0.539601275,241.9941133,9423.415603,22096.09881,257.7653858,19.96591085,4759.283175,3954.061583,252.9741716,1047.105859,0.776094953,3.400700284,312.6230557,207.7689859,580.0532888,0.472180137,38911.56689,34.53446729,250201.2857,5.292034025,785.3276598,0.427951392,,2.779394855,,,1.401593906,0.655148399,20.64919231,0.547160502,,6.783191872,0.417264308,0.234905975,0.362333907,,1.743413971,45.80339484,0.026318823,7927.174387,1.816379263,,17429.66055,0.134491683
Sample_50,526.588892,2237.155429,0.938229012,7.441387905,20960.86281,2385.202218,2792.056322,2600.460996,10.65198827,0.782859401,1.238047267,2.2980553,18006.35481,93.24107212,0.536289761,,46.62552269,107.8974671,0.182909884,,,445.9688465,6358.019538,0.92922735,24634.69327,0.193169307,3.775873133,7.572004999,1096.168945,1.048688262,1.745494876,,87.71971768,8.624228545,0.117531112,8324.378719,61.84683213,126.2742368,1345.180557,2.737366476,3.567602917,15.30404266,716.6376677,14.05970527,11.02801498,257.7620425,6.839234034,2302.401099,0.589645215,7849.832043,42.18609909,0.274138597,1.811591692,0.247187378,6039.226968,3.656802258,6.080784066,,0.063324426,0.303029021,189.6141919,7.886521856,0.432677931,389882.4946,0.43552689,5617.106738,96.8689477,0.389328445,6095.632463,571.0698292,527.6579085,1.653619147,,5046.82394,5.730823075,1903.229505,0.60672877,5654.12956,0.215361439,59.94718768,0.698333944,,71.63629869,0.288524712,83.09596782,0.511221444,,19828.90847,0.878789715,0.04900207,0.085563246,,0.084660561,,11.35242967,5311.345453,,20.78059513,2240.756178,0.517568008,0.646399204,5407.605895,0.029046225,46385.35794,4.067088027,4.701759778,4637.99946,,300.5226276,2.545190192,0.469975879,105.1886516,40.23730091,1003.757587,6.288620202,3120.305782,204.4633503,1.020383032,37939.81771,8031.185298,0.292017411,308724.7132,,68.7467489,273483.0478,0.969323161,17.95923838,2.137855977,0.975087825,0.231979329,114.1701398,25877.9636,877.5499244,0.191286273,85.84652436,0.006500342,120.9339155,2314.955782,,288.9477885,,,0.737844121,7.2720908,3217.174234,0.003513357,0.020330994,489.2084338,0.589796274,220535.8937,18454.05157,4.203348511,0.185081262,126.3387261,,2801.316369,0.120756898,631.6990673,1152.040478,53453.37675,142.4533483,40.89601089,3241.290928,8270.216477,410.4026612,40617.00793,1.820323656,,279.4909176,70.82040329,668.983361,0.246735466,47201.75915,42.31144045,218209.6156,6.103582472,13491.40092,0.649972777,23.50463509,2.65935278,38789.4579,1.023092584,1.119820149,0.592623395,1.127262422,1.390014775,57.14567571,2.559082343,0.007913461,0.061851039,0.137094412,9289.663212,0.097359858,,,6022.281351,1.634876463,489.528826,6679.968219,0.961909068
Sample_51,27.75521401,93.8450256,1.201980884,,1113.794934,45.62879738,53.98776978,1691.643809,,1.608253842,0.477885314,1.055485148,6734.704828,,0.649496772,4832.928267,17.72849697,6656.95337,1.470977443,0.116881484,0.271297908,3550.346312,9694.985229,0.696151022,1171.285857,0.291949609,1.314926438,34.07821431,2164.393164,0.093153118,0.70806093,7037.732622,1.311187198,45.09204282,0.491343219,2411.51162,72.68489058,1381.843818,9529.344215,,39.84558151,0.719180388,97.20092517,53.2498442,8.109179806,67.85376399,,15151.35501,0.284245826,9106.206108,51.33596312,0.317313993,40.27927186,0.128778654,675.4399927,0.059369261,0.205585987,0.882004428,0.066682822,1.14776232,81.11910931,0.069059952,1.168896475,8936.118199,0.185414009,,32.11511434,1.006690148,2584.397246,9744.920941,154.8311993,0.705685926,0.290200617,1051.621482,0.778852423,6743.139748,0.609793149,3565.554884,0.170414273,60.911901,0.208856419,0.140156132,17.75452575,1.334581165,96.93017263,0.61099659,4646.611841,9236.895439,0.666387694,1.602127201,0.001587791,6599.57746,0.574625032,6232.048522,122.4628163,6927.173304,898.821915,69.25955767,2869.504091,0.620733776,0.579221129,7812.278591,0.96550626,,1.020125394,1.860797035,,,2885.675287,0.633208498,1.462297436,78.71475785,81.24023543,7797.305433,52.66719815,4698.820828,10.21215561,0.164805495,10198.39147,5109.23003,0.792815539,10605.21508,912.8878407,84.68531464,8122.937444,0.333798359,2.548960833,104.4859115,,0.830765142,98.22894041,3719.018172,5.644318911,0.066753533,131.0349515,0.759447741,48.77601013,756.331657,46.24941436,128.2151893,0.912794559,0.909996748,0.327816404,1.071565401,5018.254454,0.610213487,0.663317723,102.7897037,,15333.57441,6622.57521,,0.828861247,43.34800844,5064.686913,9774.12907,,15.41486202,2885.417689,8710.490211,91.71725553,89.54575525,7382.890355,6978.038479,58.07213395,7568.433941,0.223781692,0.053307938,107.1873548,33.7107738,18.24456057,1.063888683,1365.499295,0.291064483,3722.714024,0.435008592,5202.187257,0.489871106,32.87791444,0.015976997,3008.878175,0.818559929,0.380293001,0.324568302,141.4517299,1.120591425,41.18959907,11.34577116,0.486423368,0.134062954,0.819965673,10207.76783,0.993896839,97.19871999,0.00891931,3295.194583,0.127394955,8616.40963,,
Sample_52,135.7906803,,0.01078235,62.01123602,5007.624672,18.01253484,48.27028082,5297.021969,86.33841934,0.382399512,0.332936305,0.266694866,6966.351391,53.32947746,0.140032804,3325.35813,14.88078359,6928.504458,1.783026416,1.278454224,0.604217305,14516.82236,8442.481507,0.468661262,10160.21234,0.380620376,0.400067903,1.708611747,6341.529374,0.756907764,0.229786729,10194.804,62.07363144,,,2910.286355,78.30979739,8011.730632,1067.315915,0.24850701,20.94565991,1.399174217,60.65510633,72.68280308,36.57418748,13.84550926,98.73645086,,,3915.896148,45.9733213,0.836871592,,0.316584185,6348.859457,0.364733843,0.417521944,1.274840834,0.261701122,,61.61494628,0.110917335,0.304549997,2229.751279,0.147625981,5096.814413,,0.274748753,206.034865,1615.824303,98.41255284,1.073447613,0.954497909,785.6786655,1.066148055,5416.368741,0.523105349,2275.956163,1.273201528,110.5309893,0.310191965,1.158875289,11.86087796,1.594021687,44.99547661,0.997451557,2491.08258,115.2541395,0.030654664,0.315235532,,496.262177,0.192631517,3037.265005,18.65723064,8940.524014,14451.62452,72.91000548,,,,467.4527064,0.707615923,2932.326147,,0.102530783,3531.451683,0.26918341,13625.24923,0.344134365,1.044587716,41.89810951,13.82270692,8717.320398,75.32473211,2423.537218,32.6034692,0.220187041,5105.558846,504.8816187,0.532330424,845.8852045,2843.81024,13.43446993,3912.306186,0.360732422,44.97862661,128.4236193,0.061530576,0.373369425,28.33573755,2795.939971,57.45822181,0.361209217,140.0103569,0.41240818,85.26546538,2057.178971,61.26409394,63.71094317,1.595761046,0.825413315,0.245967433,28.05622017,1317.916109,0.723867618,0.630591503,43.19418576,0.601858213,,16762.75798,0.554704895,0.258155189,83.90269326,165.3683507,6467.018318,0.882410766,10.57968871,10523.19019,6079.289071,13.7062654,9.685860085,9990.387168,14233.71144,28.7737566,13335.28667,1.186668034,1.221951038,133.3345353,55.03870897,30.50801135,0.785912338,4034.389772,0.413129748,3748.059667,0.389703264,5014.551924,0.077675155,161.3988452,0.153444404,3390.61819,,,,32.01711356,0.001819665,63.49397977,5.024942205,0.159750938,0.301969805,0.555446258,7926.465723,0.148156306,15.39727995,1.434682831,4190.91424,0.896013046,5836.286948,1320.029244,0.25980979
Sample_53,31.95146621,26.51612828,0.474389609,44.69149056,,8.573218043,6.882120592,,48.93518712,0.772877764,0.228681646,1.220765856,16064.21496,18.80996456,1.817011203,8590.931453,63.49521271,1223.41684,0.414243988,,0.144777608,4675.99902,942.0570191,0.317481577,10722.84124,0.187363336,0.692286975,11.23393695,8625.804186,0.212969009,1.096995248,2709.849302,70.48587301,79.03358236,1.72325087,15080.59892,16.58946468,8274.153788,464.3259106,1.622961526,11.62231011,0.554754307,72.43310499,68.356517,102.0328077,39.79406271,9.951590373,3584.303772,0.277554773,,58.41459795,0.812017673,74.01574167,0.16622925,9777.869163,0.125273501,0.755804246,,0.968524656,0.825183227,12.54057475,0.083071037,1.125427083,15424.38633,0.363348168,5332.766274,44.37129863,0.037318051,,5103.188211,46.34390375,1.152945448,,6145.10409,0.632084972,6146.662831,0.712559523,8634.02522,0.779691428,64.08442746,0.078895428,0.149900003,36.20913804,0.675330974,26.10743063,0.418658054,8059.549162,1383.68042,1.252554484,,0.214889009,1812.391282,0.917794796,2608.026893,71.0030754,4498.423424,5068.323525,86.58278202,8546.299912,0.456427464,0.245580037,3164.765529,0.05285288,3312.372536,0.540903272,1.098295556,8268.114303,,4910.080223,0.539805909,1.007745305,44.05346397,226.9314745,2232.024433,88.17998402,4315.405065,56.42387589,0.693993031,7472.805316,4624.681896,,8789.944426,11067.35508,63.44302857,9648.881997,0.083880308,94.49431212,60.16950348,0.300897789,1.440950934,30.93800296,817.2384543,38.22634497,0.15502679,1.480559871,0.505050999,96.34137967,,47.26161579,169.2239049,0.276685648,1.396796087,0.491124513,70.25878422,4382.386394,0.308123004,0.628156203,109.5712764,0.636508012,2613.486438,7095.886886,0.175136252,,26.63947286,404.9803313,3942.373372,1.139934706,24.38564411,,4349.255664,2.221961764,65.74830426,1399.838342,6722.92071,22.46976407,7414.476903,0.84436096,0.299429567,55.01589841,,59.15972367,0.888309751,13760.69218,1.0199854,2967.741503,1.207184727,2578.575762,,86.85758691,0.382513914,11822.49689,0.660979858,0.550005995,0.0956257,105.849107,0.525131635,58.91064924,31.83576277,0.597028024,,0.818200749,3208.820044,0.083038956,54.60004146,0.334497733,7045.415098,0.165510525,8377.78001,4740.697341,0.177480309
Sample_54,61.31417376,105.3127736,1.049101741,53.86605878,4080.915695,90.97326685,164.0002664,3023.220869,15.55368484,0.479101604,1.460708849,0.803283905,6594.349797,86.40539441,0.971905472,8347.515244,57.57379147,8346.723841,0.184201235,0.214304074,0.930150518,4067.688021,7044.949679,0.707502412,1195.296527,0.394126521,1.167233681,27.09751688,2502.03608,0.896088727,0.263177495,8857.755476,7.994482448,6.72400481,0.559283263,1622.594721,73.85491134,3613.952795,4420.453994,0.523895766,41.22086591,0.416099795,67.03366059,22.10443855,43.15414401,75.53755418,43.43059791,8733.415979,0.57206572,,32.90323466,0.186432837,32.00140143,0.036373555,5576.809244,0.695382847,0.359965124,0.796475247,0.860764503,0.144552879,77.41774218,0.235422493,0.443039335,,1.044209621,7310.554103,19.94351548,0.383844831,10129.54514,11116.91843,65.25716755,0.571376999,0.066569719,,0.761783336,9505.210261,,300.1508416,0.809319294,63.01287211,0.197710541,0.800501992,9.417105777,0.213523464,73.91522139,0.1602911,6009.014127,4475.120738,1.895639136,0.560687065,0.423479256,9068.405959,0.045987988,6941.868872,33.70986411,10508.88604,140.5433483,59.58371796,7390.344203,0.051313473,,7486.726098,,2546.962773,0.109404587,0.145230541,317.2363169,0.37586214,5201.377707,0.05166033,0.575267103,,20.22762271,5410.563007,43.98034906,5729.954563,134.9243824,,2098.598086,543.8333112,1.000746293,6617.345525,4215.740285,48.0958814,7902.51965,0.105448439,16.19348283,194.6622254,,0.281183009,,2385.774,18.24899112,0.83011797,17.75387862,0.106904728,40.10531269,1381.240005,,101.6155881,0.678529922,0.588509052,0.665741012,119.665287,6306.362251,0.360076639,0.553523419,34.17389195,0.123328368,15184.53653,7126.827499,0.232843143,0.591325956,,,4334.410231,0.15819809,69.51828929,10367.84037,7681.87821,2.880713965,79.29245487,7985.245785,3955.441987,5.261832913,,0.560759285,0.387316641,27.44616963,98.65467253,105.5800235,0.611789358,8843.082489,0.296843748,9389.254292,0.30982261,7319.456322,0.451635013,23.04214499,0.322699936,2406.723926,0.041719031,0.752688201,0.035203814,126.5357238,0.16211482,72.7923913,60.36462612,0.115277858,0.848218949,1.179513825,6522.026551,0.00554539,65.33336479,0.844197905,7890.187902,0.306203501,10095.85327,4242.640333,0.017294223
Sample_55,48.58196694,43.97833184,0.295375427,2.16070947,2001.029996,76.86517663,50.04174059,3483.714545,67.06757618,0.48308749,0.526596315,1.145766215,13008.94249,36.52768178,0.182032957,8735.10171,116.9244794,8742.806462,0.368030432,0.132416143,1.735159817,12593.11289,4366.789673,0.157846971,632.6015634,0.266825852,0.937832493,63.81152355,7543.048652,0.176471897,0.275500211,6385.118076,76.82976059,68.88690401,0.194739127,10857.68374,43.48114148,2923.028674,11138.72059,0.027960461,16.09029443,0.132493241,51.21790879,26.1073913,3.262251568,1.272749664,16.62098767,,0.891489091,3916.734725,48.29438684,0.086604327,,0.896244545,7383.619341,0.771399596,0.986287952,0.317633007,0.337760732,1.269591418,2.204242636,0.683344865,1.637498099,,,2374.130251,79.00138755,0.689172735,,1812.377352,54.56062653,0.569364839,,4048.554228,0.211152087,376.6084212,0.24259529,8642.248932,1.277178809,,0.20128406,0.411115216,37.08330381,1.434015477,68.26786385,0.569891837,2138.54772,4420.034335,0.453232858,1.469900168,0.733595129,4001.080168,0.410590283,8383.643464,42.82408266,1728.622878,950.5810301,80.12148374,9911.545544,0.511444891,0.477420787,1052.140953,1.106309205,11355.28034,1.125263546,0.933289633,1791.123881,0.71393392,6562.530341,0.06549528,0.948904744,53.0326392,11.24265631,7680.103005,14.85518217,7252.579877,86.09283392,0.119135329,3383.621655,4675.152851,1.079832821,10396.32407,871.9744274,1.868873012,9386.176641,0.961657284,43.96043358,40.3446142,0.594063433,0.04945938,57.92647474,2971.03262,19.0613992,0.379074354,7.193177631,0.084626014,17.93673075,1641.847755,37.98961609,96.30902345,0.767429314,0.478809281,0.083241131,66.73024707,258.8189605,0.008185816,0.709930147,54.57394654,,6896.039686,2761.520248,0.313107305,0.671514575,60.25626538,9759.932928,26526.15057,0.915181171,34.01822025,315.6059014,1840.917466,69.6395749,107.1182739,1406.279259,9325.32407,17.93080232,4278.468583,0.130429706,0.34856544,12.58946414,24.37948065,10.33938815,0.538260834,3900.151523,0.026468249,5105.57181,0.749367399,812.6845119,0.604339119,55.28087752,0.045376862,4599.951656,0.037097103,0.948842533,0.324738507,141.7276237,,24.61693635,52.48384908,0.740378677,0.008303971,0.255972868,,0.954007717,60.01051074,0.295967643,615.0109939,0.052474313,698.2412108,6137.684818,0.659301178
Sample_56,90.31603834,82.16237739,0.641126835,48.94318453,4089.78791,6.07443961,3.564646387,2499.301311,77.79189051,0.275178055,0.481380831,0.2297048,3954.286853,94.46477678,0.677178843,9062.654278,31.57981619,4535.11718,0.053856893,0.330347029,0.512645791,9699.917241,1359.212477,1.001561044,9436.881811,0.848511048,0.829646637,60.40250214,6418.827427,0.095092424,0.486114204,5796.049888,79.17285102,11.40756545,0.542983213,10218.91621,14.87958193,832.2870341,7367.47653,0.282578235,33.21633515,1.352857266,29.14324657,81.65785159,34.10480613,52.49418484,46.42912162,14555.52078,0.882890904,7449.638123,32.67226203,0.335456912,42.38489327,0.3190979,1683.525664,0.119341293,,0.735454118,0.770196169,0.753940119,7.458984126,0.434128914,1.220169843,895.5648927,1.350004389,3672.900874,80.27199496,0.876489847,4927.937123,6730.943763,,0.601320651,0.19082024,1437.762657,0.266870141,13340.86756,0.548986243,7235.021481,1.654753566,14.82323763,0.420250467,1.589857001,31.93413993,0.434681767,84.48760135,1.089110213,4457.248217,5460.401099,0.389063549,0.558732534,0.358847878,6114.612566,0.14858935,7420.178382,17.20628894,2278.390648,887.5893555,47.84239502,,1.273895103,0.185923383,8130.059318,0.368011829,3435.993981,1.056430833,1.053839016,8813.220246,0.229507807,1138.405776,1.150100489,0.737222003,47.91748609,59.93630953,3835.651906,58.98521506,7120.682721,,0.111445939,5764.727434,8159.664157,0.41167794,15226.07782,8511.817714,51.12788774,2156.73972,0.505216395,69.44743763,57.23536521,1.032248361,1.28593487,138.7263263,9713.8187,3.287818969,1.428192277,60.14931763,0.343065019,3.38583853,5088.813982,,72.46602321,,0.31786013,0.295346332,1.524730008,5065.267493,0.805911509,,124.8773677,0.06086254,1317.977808,748.8391169,0.075789535,0.594196578,76.61586269,5818.253417,2333.255836,0.723919787,74.30507186,7932.31994,8135.416848,8.721175941,,10736.05841,955.7384812,60.70046135,2001.99405,0.007607172,0.065482256,96.54221512,78.72430483,,0.429634825,,0.423730183,2596.85601,1.323164451,2938.733949,0.844496691,51.05481596,0.153489409,2069.343779,0.148638365,0.331549048,0.703549551,28.02742304,0.04147902,62.57213216,,0.408429215,0.851432315,1.121364927,3509.576661,0.007764474,86.72085602,0.85120778,6341.616765,0.822063239,4729.449999,8498.165794,0.412404746
Sample_57,111.4372016,39.65025934,0.364831031,42.55932272,5205.818931,90.6905579,17.84254234,5359.870389,92.13294702,0.058007274,0.610021049,0.064838641,111.3107442,37.18228117,,4118.451961,46.1683668,2976.540267,0.225545753,0.260010576,0.680170923,2203.417687,3908.189443,0.65534122,3975.661904,0.388992688,1.400768743,95.87797022,1164.824676,0.543996758,0.712515637,4001.093212,68.2379542,37.11777394,,946.879738,7.61126043,,5017.587253,0.735888541,5.195855696,0.878958146,25.49724714,62.46183597,26.10074601,,26.91456138,7475.818965,0.589821446,1074.853109,97.55861979,0.991190051,101.3106728,0.086166682,11969.83032,1.011671278,0.183329435,0.235722842,1.056441554,0.55014903,168.4571149,0.419132764,0.41542072,6545.898071,1.155213891,6665.206424,75.18176559,,,2002.537644,37.92928057,0.130647849,0.729892721,4059.046894,0.25289195,4854.53659,0.071964478,1485.384622,0.423437633,112.2359153,0.978143476,0.227067591,63.99475426,0.141398332,26.19076594,,9096.337479,1375.779844,0.541524907,0.504671341,0.785353625,3821.928211,0.774185852,7460.633439,24.48926349,8228.953675,,87.05787414,184.2865921,0.463633878,0.125599999,1185.259399,0.083192244,8396.594201,0.389443913,0.845299872,867.8468033,0.314898141,1805.734744,0.055826013,0.100517286,39.02257373,157.2508961,1312.897462,69.94305957,6454.430513,144.6845865,0.863753146,2182.323224,613.9224373,0.058685349,11842.40713,6265.411852,59.04647351,4077.627067,0.859393525,16.40159236,23.72372042,0.676723806,0.214190989,63.03734616,5487.728899,22.28136225,0.694685106,31.90539345,0.064521682,,3019.126397,57.2653871,46.09794716,1.56006639,0.55681363,0.291139083,,,0.959196326,0.821493362,79.87935453,,9698.247012,9440.14917,1.457693512,1.019272871,75.40915075,1130.360608,986.0721386,0.071517246,196.2464366,5836.646686,3021.942845,92.13320713,49.00602879,8761.723941,4488.299592,15.00524848,18974.67229,0.163921372,1.229110695,29.87740683,42.19050229,,0.893986768,17714.67748,0.458974583,6836.673401,0.059672419,10575.34668,,89.64594502,1.158050594,,0.438286039,0.37297648,0.737373572,93.64853473,0.462195758,10.65167736,,0.747155181,1.927018419,0.530384164,4808.77763,0.047668343,74.6552568,0.011035968,3510.571295,0.872557857,8356.613614,2928.613069,0.95179151
Sample_58,51.39884528,47.37488959,0.175765737,97.2376915,4419.028121,51.46161693,43.36324248,7488.599798,33.06953348,0.744166957,0.084801812,0.589968176,16758.02095,,0.639534484,1835.993286,80.02937106,7594.743507,0.504869554,0.442190533,0.180928913,3556.005203,8494.762739,0.256444342,17908.00869,0.115875183,0.630172471,95.47031972,4772.690107,,0.43423533,6213.255407,44.22021546,49.38606987,0.353051244,5871.181689,32.90230901,2786.399871,1248.517842,0.02009637,26.32429916,0.383798095,105.7112838,137.9198859,,55.39803291,221.8042599,4702.288704,0.808866497,216.2231335,44.68532575,0.930126268,31.78428612,0.411208026,2016.632588,0.63947852,0.053247761,0.216405146,0.074449684,0.936334775,69.3149343,0.739107738,0.643922321,3800.438813,0.976112199,471.9511784,66.10228434,0.219307758,16061.77088,4512.068733,55.69391137,1.081070521,0.116191145,577.5514615,0.462252039,287.8032237,0.525050733,8182.668352,0.237991705,21.53964133,0.665898633,0.457919364,12.14764435,0.060644472,75.5984112,0.730580282,3045.225255,3236.825123,0.377509834,0.070957212,0.166379102,,0.293592445,10106.77851,16.16887221,1052.193915,4170.61355,82.43243431,4209.84373,0.565964523,0.0528396,4747.291689,0.199424717,4452.535316,0.49940413,0.351247164,7694.036106,,12525.16371,1.697379444,1.068081818,36.4976485,79.61887438,2111.528459,111.0180272,7240.741303,52.22840136,0.156766999,2822.663429,8542.333337,0.645207084,10572.92561,1689.749345,2.183844178,5565.337582,0.433137749,,,0.327404953,0.060727118,88.54623349,19196.12233,,0.676351573,43.11872329,,59.68908251,6128.505666,18.17587438,137.7597935,0.416235039,0.263690363,0.217883496,18.09097651,4300.809044,0.766083032,0.523493992,90.84493067,0.059519526,8572.773119,781.5167098,1.054517616,0.898163939,55.84114663,6687.845864,1052.74152,,27.18213719,555.3905598,9978.139569,69.97509791,37.25653817,1704.980943,3081.736536,99.74058349,5347.436751,0.780592775,0.854025777,53.66070615,101.7901363,39.21932537,0.452092316,9605.775766,0.033026127,3646.983189,1.670037702,3331.891359,0.302568702,84.49505179,0.253101453,561.2523977,1.0003017,0.391165293,,115.0367206,0.948549098,22.9252175,67.70244695,0.249345492,,0.335606205,4093.80939,1.058341248,110.4403507,0.196210469,144.9579817,0.927591898,1082.93715,4504.453263,0.683215182
Sample_59,23.8211707,30.33329569,0.290795055,44.60660407,3517.589445,27.12084652,35.70554426,3671.292934,21.8697031,0.254687101,0.149044541,0.057263145,,49.16768988,0.723912507,9374.875103,34.49065841,4060.521143,0.702294399,0.22090354,0.052254645,6113.958751,8296.300741,0.465821486,464.2093824,1.387246381,0.489742981,21.0914652,10799.27484,0.714810053,0.640496195,7130.473611,41.06479356,75.5913921,0.33183559,6665.782178,33.9293198,416.6419917,13802.51981,0.213374124,,1.652396241,25.47556793,,27.19300744,42.95482012,24.18748009,8665.291223,0.395503822,3832.796838,5.337826251,1.098372954,48.61352813,0.595950009,11691.44991,0.272906952,0.148735418,0.614317875,0.117393252,0.557197904,59.89890127,0.371565674,1.082648215,10314.11046,0.481988048,9872.904805,93.70111837,0.759924869,863.8881018,6755.929742,3.977930725,0.222967069,0.507314555,1742.126903,0.436668241,228.6390229,0.608365429,5669.219144,0.796076987,,0.527602513,0.280199948,67.72186293,0.777372282,9.096273808,0.187899662,4054.051415,1093.305058,0.477349886,0.526582596,0.435357003,,0.155521981,1694.630834,1.518096913,4852.794809,13250.16163,53.72979136,1005.363518,0.424616141,0.615831099,3671.934287,0.110983106,3917.552824,0.523994176,0.389162718,12572.20633,0.433792588,2868.388258,1.871929769,1.761669168,62.13661955,57.17835439,,,5455.988313,53.2437133,0.066361446,13567.98614,5834.753591,0.789517909,7431.603545,16722.5579,57.2986792,7583.676019,0.397557106,49.55508356,30.02175971,0.356576899,0.941017524,5.190882282,,158.9360047,0.833943396,49.91501698,0.393932793,18.25424808,425.5444129,6.523814516,,0.853546601,0.143086315,0.025145798,55.16020476,6376.564632,,0.338944146,173.0592977,0.362876818,,10216.22581,0.510334347,0.467811047,13.08375259,6112.831687,3054.80956,1.107060786,150.9225132,131.3202473,858.5531762,211.6447563,0.84766565,3504.024121,1126.320188,75.5985299,7810.536137,,1.723191164,61.40629408,124.2174152,57.62225475,0.247704365,7789.697374,0.174776419,4379.330743,0.702874143,8358.876626,0.752946946,18.67702856,0.380427979,5178.499295,0.568878825,0.340944255,1.02176168,1.588060105,1.338342873,162.0524124,20.31944467,0.526037774,0.266433308,0.813172103,3090.744668,0.550298262,25.1116016,0.996766629,9506.190204,0.228183345,,541.88668,0.681216854
Sample_60,97.90303962,156.4437857,,13.7313456,6743.740542,37.20714186,3.40462955,6121.731111,3.834597962,0.42206661,0.683127046,,3724.718238,65.71302687,0.390354612,2753.104489,0.945381067,,0.444432797,0.045013688,0.403980834,7540.646231,7972.554858,0.775581088,5375.779938,0.470491358,0.143642748,47.97812354,7890.194019,0.586106468,0.508893677,5327.099751,54.94807084,14.45443958,0.931600629,4116.211795,58.61026674,2839.36551,11151.27492,0.42367169,71.86659201,0.252814541,39.21264362,,65.28743975,147.8603657,3.950119582,,0.035633121,3838.064595,132.6480219,0.423737589,36.4668478,0.150592171,13768.2381,0.171696543,0.360540318,0.43631141,1.080314626,0.49084892,18.02190636,0.96028112,1.36731546,5400.862196,0.095300835,7428.689142,30.34433466,,3113.119575,5940.917031,111.1382991,1.346260869,0.282150255,523.7027985,1.3650144,6516.519362,0.321039478,204.5212166,1.399031251,78.86485982,0.357235465,,47.72585276,1.22685161,52.79738797,0.035102247,7446.257564,2319.98858,0.331419822,0.877127238,0.796044737,7839.104431,1.029757604,9154.723549,183.7451084,3454.412171,762.0278714,83.98269193,8137.255562,,0.171150875,4809.517114,0.193235378,9535.467912,0.045465648,0.179965955,5039.526051,0.513852035,2694.857881,0.010266169,0.651912685,135.4916002,9.935364407,3990.524726,217.7742812,3676.040213,27.42822023,0.127366366,336.9989487,8584.070164,0.911577368,1200.041988,180.9419289,104.2264043,11192.87615,0.495282814,69.79114935,61.84507307,0.193878568,0.972541853,22.29979805,6406.835534,44.10447704,0.726654239,104.4996101,0.465929543,,5723.339834,244.9526967,12.03921654,0.530951785,0.29697379,0.714052779,65.534393,6524.00845,0.530023375,0.08947016,29.40248934,1.726290207,14049.92188,,0.994489161,0.863573133,12.76120623,3331.098848,1854.253486,1.0582279,185.9749864,8290.766507,7530.870858,66.05621732,90.74896514,7147.653241,,81.00384577,2364.202244,1.974432712,0.412475085,57.85982677,62.93714711,47.3228594,0.575728073,2555.516415,0.258709451,3973.974791,0.268064026,9001.041542,0.683969422,16.83634246,0.7699457,1140.569703,0.450084942,0.183472491,0.865767406,92.00413811,0.796600345,64.69398531,69.94379733,0.04028942,0.146035708,0.176899329,7175.679931,,81.02293114,0.069757689,3682.565402,0.88857008,9255.193512,926.5370164,0.629050372
Sample_61,29.937087,26.63439069,0.455326652,33.99083251,2310.960481,28.01640849,25.34736471,3258.742823,2.966277944,0.681809572,0.378944868,0.782321101,10569.24545,33.58742278,0.491885597,9336.821048,75.51340992,2381.571363,0.807830943,0.336521878,0.127027959,784.8672032,7828.674696,0.876309178,1106.270401,1.305545614,0.73299298,64.52919727,3572.406569,0.231026114,0.745795765,2902.358415,39.59007739,34.69844882,0.918419481,9845.337962,4.901842009,,8216.288728,0.58958195,46.79031618,0.064358702,8.90597671,46.4500414,39.20165274,68.113616,76.46228739,,,3363.080819,97.52484937,0.988009763,30.7506738,0.0316474,6065.966216,0.428775106,1.002618238,0.579040949,0.760325448,0.025613828,17.97395027,0.921822407,0.218936263,4977.235337,0.778461268,2107.828882,80.52177047,0.958447496,8065.030207,3016.188893,17.06870303,0.650881636,0.224939121,8755.61274,0.046013456,8334.454582,0.702848216,704.0100231,1.095207016,103.6533107,0.212490634,0.209467949,58.22542573,0.406591974,18.68564258,0.365269717,4064.598085,1819.318094,0.728957672,0.129458959,0.779565455,2739.20438,,1199.266147,108.1658036,6202.442679,,98.88901755,3538.708478,0.484286945,0.520322566,6584.604246,1.243647517,5599.477897,0.727786099,0.059237999,6827.053187,0.194763878,3019.280207,,,,44.02330206,8774.487762,39.22659133,2847.193923,,0.297459191,9336.720205,3459.246912,,15055.31622,1422.252133,88.16866546,4578.201087,0.185334915,32.34696318,68.48220016,1.309314805,1.552791916,123.4036315,,33.39137828,0.869163859,19.91280499,,59.61705824,2477.193327,21.6050317,68.10489299,1.422218151,0.476604224,0.27371676,30.59731217,6344.740685,0.219410337,0.241771204,45.18378815,0.386739692,8614.968522,1239.71717,1.407851187,0.486318304,32.42859004,4461.526835,1356.636559,0.310109024,27.89344342,2487.093121,2674.004203,7.204990597,32.91469685,8707.016443,2141.364781,21.87843862,12999.56379,0.594168452,0.704010121,9.170209652,18.10067253,22.74773038,0.530018564,626.4724869,0.865333058,6132.628282,,8527.084566,0.927139728,,1.708323435,5140.012075,0.142809783,0.333510966,0.116093155,2.503738959,0.112644648,141.8713848,55.68796339,0.515192516,0.065794659,0.618098299,6436.40522,2.830613284,77.84973036,0.035277963,9672.065924,0.337630136,6749.296402,4286.22863,0.036680057
Sample_62,67.86445528,,0.534456398,10.65986743,,81.59747506,64.72927583,1517.771739,57.56463745,1.07874915,,0.740960791,6527.748483,,0.035464831,1758.090979,41.43306397,9541.096849,0.261734245,,0.833751731,11532.1523,10013.17528,0.887296648,13820.19837,0.36264387,0.262096293,92.41509137,4605.238605,0.153769792,0.661022024,10495.09167,9.216252831,83.76229716,1.432788747,10941.59118,54.95093249,13500.73846,10287.94444,1.072808661,89.98790322,0.122726203,26.71586443,14.40564548,127.2300614,60.83903944,31.97655589,4041.557031,0.150416216,,46.19482826,0.615428676,7.295839193,0.642720967,,0.119764827,0.521714004,0.0052634,0.9076604,0.492708432,,0.802440811,,5673.997519,0.798512892,7533.18407,97.93821782,0.57599282,1293.146981,1177.440356,134.4226767,0.742882472,0.788675056,8159.978016,1.529323641,5605.691819,0.686836768,6950.979036,0.267327637,79.65260174,0.638509755,0.380834109,,0.680775052,83.35241324,0.73664132,5825.768314,1517.69491,0.581395701,0.333138208,0.657730236,4844.908013,0.243239899,3964.50238,38.32701445,2633.586772,,34.18084162,6666.715106,0.266813425,0.183013143,2832.954756,1.317488555,,0.151165138,0.365206268,11423.85917,0.049036638,12155.30046,0.449861186,0.664009645,12.8993775,2.400224578,4445.20649,110.2168167,5514.763331,3.828992479,1.166767375,9831.72832,2688.884904,0.772110244,4987.996746,13178.28822,21.06456709,10263.86499,0.16323306,,71.94094813,0.052736933,0.161628719,12.77580403,7376.389798,12.29511609,0.888628471,13.46886132,1.162110638,235.3878199,3893.80521,52.60143191,98.45472738,1.09663184,0.53683448,1.638834866,58.66841533,,0.470949507,1.01178064,105.013087,0.777487688,4158.728808,3509.872134,1.525972652,0.308795601,19.3345507,1654.774125,2542.242616,0.441835945,102.4418624,221.7382636,1405.857857,25.03464699,56.34701073,3922.954477,5810.952679,10.50553011,1528.427956,0.359782854,0.015161719,115.1973405,49.82971106,47.67403759,0.110762038,1155.436843,0.383218852,2550.392584,0.294128834,4826.178463,0.391757412,12.64846368,0.64853306,5150.618759,0.315448801,0.896530281,1.042056354,24.63125475,1.283279212,31.48719068,72.97927795,0.30186714,0.127451359,0.025227249,6029.659978,0.146193263,59.40139575,,4992.427141,0.678867854,7999.627368,14681.1474,0.993424008
Sample_63,95.77938873,110.8998775,0.629379966,,6929.270332,25.73369681,154.7420896,6491.51793,39.669731,0.838659438,0.672155309,0.941560492,11149.1638,73.60002559,0.526017862,10483.40276,14.49743751,8634.461785,0.145227467,0.086287128,0.153276894,4378.18445,3162.155174,,8743.884108,0.229584411,0.16613977,89.06932471,5191.324054,0.596142186,0.133609447,6613.481814,60.20841414,51.39176549,0.299765066,14453.5517,51.52926056,290.808831,924.2355685,0.145255034,69.53148642,1.04847595,57.83494367,36.97001717,84.09035181,100.411117,,1802.538895,0.272085021,5023.805063,20.56190048,0.174876111,53.43222023,0.067391892,3680.026894,0.211940381,0.182744086,0.020406042,0.417275944,,74.00581178,0.55574829,0.381659004,8969.644978,0.503875043,,71.9914729,0.789779187,2778.169407,,25.83047177,0.083956702,0.897708524,1040.138846,1.33018443,2940.651778,0.587626942,6030.995947,1.063288813,63.64246,0.174153048,0.503767728,1.353301404,1.135534956,24.65226816,0.272097134,2322.811155,1995.084529,0.406937567,0.139340402,0.539325521,1949.596209,0.504273465,3392.741918,,9613.123821,8096.432332,55.26367547,8284.409454,0.264690699,0.530401434,3334.670601,0.291962914,5977.436862,0.277418084,0.601882035,2742.588045,0.395572472,10872.24715,,1.637826023,,23.46454203,,111.1695993,3704.08468,34.38456368,1.289160351,2729.006219,2412.614286,1.036075692,11544.288,3069.637828,55.4533967,3131.031772,0.958460391,8.98312857,14.7883934,0.74139918,0.275472856,31.00898095,11057.98728,99.74977015,0.457690262,82.15985158,1.343080582,195.3233427,6253.375775,4.417339911,,1.129621513,0.939647602,1.583404247,5.821794672,9272.173951,0.719216966,0.186673294,88.76717615,0.465818777,4690.034242,9350.66614,1.896784226,,5.519731192,1061.000178,12319.64189,0.320918896,59.88113263,5864.773089,7458.322486,12.88193575,130.2606338,10404.18687,7136.678126,67.00407888,227.7242496,0.905698861,0.125838054,,,45.30429601,0.630613091,937.0832283,0.139518756,7521.686883,0.933110266,1902.089513,0.767094464,,0.77193983,198.4862894,0.168786356,0.2750944,0.42368324,19.94360149,0.193757303,68.54155295,61.63959471,1.050130115,1.219694458,0.169218797,10114.63835,0.452055457,73.0036617,0.046414664,6981.623011,0.926996947,2510.918803,,0.4314338
Sample_64,1.292357333,43.41698269,0.857149103,27.91894814,10089.47764,52.83508344,60.30907739,4376.14482,29.97061095,0.868552636,,0.116693162,14470.2404,11.15839894,0.162164257,3388.264567,42.97175828,10178.20577,1.787757209,0.161327373,1.159260666,9799.27236,2662.154968,0.109683937,7709.932029,0.74973453,1.043390205,34.66693274,7122.719836,0.789259099,0.571893237,5994.71345,11.04008187,73.09554568,0.038181616,7604.702904,80.02020173,2723.315346,15273.69824,1.550055948,58.22012916,0.290316426,52.38511747,9.857081715,32.66783941,47.60955267,15.97758581,4657.786838,0.934757493,3444.609569,15.36433671,,92.67547671,0.85122803,,0.029744029,1.053188306,0.550728918,0.538093837,1.348113332,125.3194039,0.638706414,0.01435696,4241.191333,0.793209613,3390.085468,9.256572481,0.649274544,12520.20702,4082.459804,48.85138642,0.187793544,,1514.923777,0.724276461,11962.11596,,6195.636253,0.456706093,29.5953497,0.412076197,,5.548411799,1.32969931,35.62412,0.128922206,3450.754872,1935.178284,0.160193015,0.880081097,0.352878809,,0.128185596,6563.939155,95.64723588,9845.222238,450.3222747,6.885918689,4644.791743,0.050315743,0.048418702,3889.132616,0.988391865,1722.359101,0.644577901,1.41033473,3209.523855,,22395.31994,1.188532176,1.197259776,37.87900428,342.8120175,7769.023296,37.88611771,3014.119381,39.58124763,0.355081408,3515.415851,6659.105948,0.252980551,4314.752389,15081.87586,20.29861378,8167.497905,0.367920188,40.03047907,121.407603,0.947284458,0.236776923,61.01625657,2068.503102,66.20511675,0.274051299,49.63336303,1.257100326,76.19906893,3418.436437,57.06204704,100.8559644,0.229021733,0.131209762,0.844604527,,,,0.884378183,37.4686904,1.148719921,5903.953219,,0.474754226,0.098022289,41.42685829,8548.911216,983.8073746,0.275888474,0.984600665,541.6156003,5249.448109,137.2971339,139.86285,8323.008188,4079.449224,13.01950114,6145.700045,0.61611591,0.029533118,88.32054748,28.72207066,139.4100295,0.711807459,4385.064497,1.011026991,1985.27498,1.002575368,8193.487395,0.531079155,27.6489579,0.476098173,5285.671484,0.288373866,0.135760283,0.034793276,144.7608448,,80.38500464,63.74028454,0.295610111,0.143900226,0.97274508,4464.326005,,12.59498694,0.461625139,4536.964667,,4249.545495,6859.048512,0.84666862
Sample_65,28.63544873,159.5864429,0.602461057,80.47984302,19362.51434,61.43888476,14.56624711,,86.18001471,0.243145848,0.160255397,0.707908326,11119.72995,50.23924361,0.483454003,1144.877632,,2275.48694,,0.072977338,0.52470047,3811.68043,,0.379120047,5325.476583,0.213199703,0.876946174,18.62012756,,0.132220415,0.365659989,,77.00615014,85.86765658,0.170174043,7784.404595,51.02072871,6712.140594,5501.999488,0.834496795,15.7409833,0.060681784,42.36946294,118.4667204,40.90638582,211.217097,41.86274872,12571.78074,0.051746395,2849.376556,76.0174228,0.922005204,59.24697036,0.018064097,297.2047904,0.397089827,,0.191483808,0.558988541,0.57576161,3.645145374,0.67469349,0.023808116,6611.805198,0.561023707,5720.345508,72.11804251,0.372924548,2081.703208,7612.977186,,0.121865566,0.846657812,5380.470874,0.071378215,3925.790327,0.492598791,7689.77021,0.266014941,53.95785618,0.144851472,1.235340381,58.56142945,0.729072731,60.3458649,0.018251001,1301.573858,513.3240754,,0.020736921,1.001452234,3894.738387,,7605.864662,32.4274925,,4959.390693,74.57238698,2181.515194,0.024532416,,2410.340422,1.242124166,6475.14136,0.200238729,1.223003735,11364.19005,0.284988798,3115.080058,2.153838925,0.155287351,3.510160751,77.55673149,7315.210155,51.9534493,4493.5119,10.98922812,0.035631093,4933.032807,541.182006,0.704604023,3662.26262,8937.896991,5.227708147,5046.387928,0.345096777,92.81900656,48.69603265,0.419500803,0.21091663,62.148033,11420.7194,59.57983109,0.389093324,24.17566806,0.167578297,,,169.061574,54.23929237,,1.04101849,1.589693816,5.869803262,2298.93509,,0.354291427,138.0317428,0.64531033,5371.812607,,1.026139933,0.634369718,9.809051257,240.0199391,2396.705021,0.783457075,25.83592335,2222.629204,619.0347349,82.91813673,31.88064449,5655.539927,5370.527362,46.9238512,1025.820258,0.258401109,0.713860393,18.71183047,180.2171577,40.40167872,,7351.58792,0.597918132,1795.754673,1.313921985,453.1207083,0.676314185,15.06472871,0.496475447,1144.594835,0.903794832,0.344599024,0.681609006,15.69283739,0.697888952,2.910885894,75.22630463,0.185918249,0.097544816,0.59498922,7165.892392,0.452457384,93.14994356,0.616497979,2089.705069,0.918464997,1697.821227,20016.04836,
Sample_66,27.84371657,3.958314029,0.261619727,51.21119788,,,9.806678891,2007.206842,93.997742,0.449114886,0.524320995,0.103815636,5457.85255,20.4512747,0.106674186,6772.150165,10.29619624,6710.599413,0.135491899,0.635389079,0.575675467,6932.944835,5003.417635,0.29412878,2172.839165,0.072264812,0.224053099,,3222.817799,0.075321127,0.569991583,8541.179516,12.37410803,29.42611611,0.079815637,1204.006138,50.68472203,8664.024729,25247.81136,1.299491604,31.79657182,0.660493523,29.53422453,52.88459021,47.97436998,17.32353544,170.0854655,1310.531444,0.008373885,6627.772093,37.570863,0.180183549,38.68978119,0.527312848,12107.54493,1.372939273,0.589809325,0.756284137,0.10059253,0.332103623,48.34754111,0.500084281,0.791135911,13418.55374,1.476902251,2701.987497,82.47266144,0.440050346,8539.543439,3637.153946,,,0.351292504,2824.215284,1.441570021,,0.994986759,8352.900267,0.146079921,17.61659873,0.980640097,0.203638118,95.22492863,0.877062164,41.01953395,0.950835031,8752.899364,10441.21544,0.924558536,0.336375178,0.319633403,,1.29571288,7339.118565,9.483047463,6640.446757,1540.451859,34.36958927,,0.957909115,0.860459103,3927.727082,0.487747243,1397.713128,1.026819445,0.848672688,5318.676373,,9672.004921,0.291007833,0.083072242,117.9603608,10.85229533,4171.092715,18.82955178,9199.413851,107.3175936,0.089951672,12163.46064,3713.685329,0.037554221,,9632.058701,40.78604536,5295.858146,0.361732608,43.06971898,51.47781796,0.023532734,0.827255562,,4556.089066,17.19288531,,6.115180972,0.384584532,21.06845747,1721.530854,,74.88728868,0.380638746,0.623928729,,46.37428247,2136.593622,0.511468649,0.293974658,77.04011945,0.217357267,2529.505121,6678.587428,0.844476819,0.154189077,87.47746879,5710.428391,,1.017234533,42.98860467,3580.55489,11160.38211,6.516215726,97.35142699,5262.978153,9495.349791,27.30386402,1834.877399,0.174282556,0.977748951,100.0694251,,35.6385389,0.443547868,7218.012527,0.093696247,8477.078227,0.016095969,3206.48586,0.031238515,74.69511541,0.438616031,4521.07301,0.383562479,0.174918067,0.937479985,68.9960526,0.56261187,76.40951045,41.60176148,0.284068463,0.284587426,0.962140598,6044.147837,0.093043219,52.63971481,,5550.103053,,7880.424675,11685.54076,
Sample_67,125.0541023,151.9058512,0.146335755,84.98069841,927.3091083,40.94064494,62.3624118,1275.458104,52.08944527,2.215287919,0.632773661,0.043078376,3160.298894,68.52353026,1.588037262,661.7856094,42.98048976,1097.392324,1.273281816,0.68973694,0.431754606,3928.615889,1118.64947,0.989610672,4293.866655,1.323639806,0.48956764,,5390.192298,0.868973341,0.398331502,3784.326848,76.82176027,73.95844208,1.195381073,12831.67732,82.55969645,11437.23565,3884.94342,0.12500362,39.56974837,0.675771195,39.58293821,102.7743163,16.0367491,117.7371213,77.37121094,2893.517378,0.756641251,,131.2391017,0.141766923,22.31495943,1.02547397,12709.88323,0.487532457,0.612036041,1.16666511,0.676977003,0.057197877,,1.013943651,0.040910835,3922.056754,1.674647735,4765.669641,46.75855665,0.742144857,4511.303301,7460.521736,31.32231482,1.103381305,0.675422127,5919.901277,0.86602845,4744.156531,0.343564844,3354.077526,0.728361391,,0.321613027,0.561702324,50.53957861,0.954918179,30.62810716,0.203994493,2855.340941,2187.692843,0.193921736,0.112009141,0.785191928,7682.297876,,520.2718123,143.3429642,706.8136652,4032.072207,69.18448547,11301.66275,0.09643328,,2845.691674,1.818656655,2978.703366,1.288946067,0.606316389,2209.355888,0.207608563,4636.039359,0.142774964,1.118124393,1.697539597,9.201969616,6869.221945,104.7259055,3933.033627,152.9705429,0.921499733,14209.51234,5954.361951,0.670054251,2904.774675,5130.50197,4.161288174,653.9485871,0.184254792,,36.39655032,0.034152319,1.189583568,76.50925984,13050.94902,53.2796041,0.789218278,50.65991411,1.139967403,37.57073956,939.4045991,,17.6273035,0.532517495,,0.369307958,83.84171534,8363.180019,2.173625393,0.300669646,6.837650416,0.470381795,7469.121885,14365.52171,0.249459148,0.205842995,16.10994822,6468.437836,1706.399798,0.797742283,157.1225995,1073.363328,1183.560233,68.08168116,69.17453569,3849.798354,,81.19917361,4788.578815,0.027828002,0.549694934,192.0124307,81.60865701,136.7400545,0.62597843,5906.090603,1.142773984,5687.541711,0.654048586,832.9115162,0.701633548,185.0812014,0.152000921,880.266231,0.093858733,3.340509754,0.385667558,47.16408909,0.664158562,50.21434384,3.513423884,,0.332537536,0.25079688,4338.482871,0.044008634,25.01726578,0.648621869,9171.101995,0.653536079,565.6876397,4091.853757,3.029877063
Sample_68,87.97062773,24.4565787,0.185716793,,7210.662661,46.45003945,96.85073676,6042.248247,73.74596186,0.40125091,,0.714015769,7858.356414,8.834403083,0.324002571,,117.477263,9120.771878,0.02349586,0.539622971,0.29212654,385.981791,3819.431296,0.643990106,12517.90906,,0.422772596,81.58012363,3509.60126,0.145095369,0.312006418,5831.273341,,106.5808956,0.215851295,5648.907026,60.66976612,19352.96117,1736.213076,0.848034185,32.78973094,0.372442884,19.16389916,21.29209055,164.4906844,,13.41457604,6137.034977,0.537621093,8477.448423,32.53055083,0.441451105,53.81349502,0.913954682,6586.342672,1.193868101,,1.290981444,0.374623321,,82.94921993,0.576448387,0.214185662,9582.480105,0.032678134,9815.829239,2.647172342,0.543773489,1527.771322,3956.878223,179.3004364,0.334456569,0.644283179,769.1938793,0.174796192,9024.595291,0.767255609,1088.41526,0.221912365,53.14659724,1.112629389,0.100048858,42.14966911,1.169193172,28.25714748,1.141304245,7794.346348,8698.914989,0.44287948,0.234203278,0.614773231,4747.963972,,9583.338482,120.2193957,1104.184787,2604.632636,,3943.032245,0.367531798,0.443137095,8385.013542,0.322406489,,0.368443402,,548.3932979,0.328611975,5940.689554,0.500580427,0.754665473,146.3452933,14.97353316,5569.888324,84.81902644,7504.721702,44.7583824,0.123529089,7232.885643,1888.018071,0.231471159,3786.391783,5185.546882,16.95371032,5999.761989,0.336115274,65.50205661,78.11794624,0.424543439,0.884869224,172.1509267,2936.735266,54.53346309,0.208502023,285.6001427,0.082139067,85.57383312,988.8635552,52.2734506,46.87531404,0.720742641,0.844690174,0.215725961,33.67907349,9162.199771,,0.561553576,149.0229542,0.680236714,10338.05207,1258.054362,0.464772143,0.592606325,57.46147603,2913.227707,7922.879852,0.843430074,,6120.000175,6639.525391,170.6366952,45.70626135,7701.790242,17690.42793,37.90492615,10907.7294,0.211413167,0.664272836,76.7850076,52.30469254,37.71523783,0.126128043,6055.376192,1.339310828,12624.14583,0.203141442,4845.356239,0.366254472,91.75353602,,979.5058888,0.776137072,0.541710777,0.307620108,112.9003576,0.192242061,7.08888703,85.04240926,0.779839116,0.062276711,0.138436354,877.8968001,0.737315647,42.40004678,0.138856332,,0.795982376,5533.506447,2695.011752,0.13963859
Sample_69,181.2560478,50.73420794,0.695132274,32.7796554,1195.931865,129.8677488,93.99657465,7884.162389,16.95596048,,0.345834136,0.586994344,14801.58526,14.19632032,0.90643944,7433.024288,28.31919206,1626.445107,0.426353999,0.521671197,,4235.767909,6885.995307,0.872664708,2977.354057,0.143034179,0.966723133,58.53580727,3879.164161,0.565803204,0.519834282,9836.142693,,,0.282589168,6955.580478,80.92554598,10805.07769,8522.903808,0.056357869,68.54700803,0.931837502,70.82832786,68.52126047,64.1767604,69.26307491,49.61988535,3801.230834,0.143212819,4847.439008,139.0342932,0.615502563,3.364766974,,2849.441749,1.109523669,0.393742611,0.060713793,0.806255784,0.25324203,4.747290478,0.093742914,0.175711649,5152.152174,0.003582026,8786.228458,6.421849786,0.646949633,7636.735282,3522.930015,71.59003732,0.277081732,0.264993129,6646.674406,,4912.385679,0.090649702,4124.247947,0.490684007,14.86341899,0.872903525,0.486243636,45.74802292,0.620073209,62.48154146,0.347908867,9786.055962,8969.539228,1.981409093,0.377528063,0.901539711,3142.157814,0.157668017,312.6075979,19.89329562,,14173.08877,6.774114328,,1.239593157,0.148747339,2673.080569,1.679847196,6118.199968,0.638712468,0.532977656,3814.970399,1.366222697,7303.120034,0.625974157,0.104800509,4.470563529,157.9180039,6099.63887,9.03952033,,,0.124845057,,7182.50228,0.971918769,4624.01666,13508.72533,,3862.345517,0.84497138,78.47926426,22.10510852,0.160118746,0.5774508,19.76758726,6761.6567,81.3179964,1.015815745,39.29886151,0.10990502,31.5729113,550.9404311,37.96919955,33.68254366,0.696299774,,0.808306835,17.46285668,7955.291269,1.060341755,0.023935754,7.35116743,0.675262171,2129.976942,996.8944687,0.399842738,,72.94574917,4449.087012,6040.366705,0.630271192,4.905536724,1383.161202,8157.669102,78.43858402,57.26096839,6676.554806,3230.635738,43.67366281,284.0330754,0.578527485,0.541789772,35.16584696,6.012286201,,0.862095378,6150.838573,0.561452109,9213.673345,0.078584544,9226.559077,0.318053965,65.20230174,0.352195262,1040.009577,0.327856343,0.283504163,0.612487755,176.5004169,0.111012518,15.76070953,7.86989569,0.524225715,0.089997491,0.615181948,662.2287926,0.053869063,59.37907084,0.654844113,1608.904032,0.813780249,4786.657746,2104.934605,0.811191209
Sample_70,45.74017266,1.628394493,0.669523438,16.78054238,12867.99006,76.42556708,23.47675212,4647.985245,60.5075642,,0.129288418,1.50373014,3963.032829,35.12971527,0.021303956,7030.386034,54.57365035,7208.431577,,0.562057694,0.489202893,7289.849599,7359.239519,0.514885017,8324.745623,0.535129027,1.005045597,6.416486737,4185.067378,0.215175514,0.318958577,2286.779743,70.24177519,86.95642218,0.762046347,3003.185954,39.32408632,3961.529752,6849.744577,0.649225848,46.52241007,,1.33840641,35.54239981,61.10687488,7.219622369,36.7830596,12074.81064,0.257098819,2689.116559,31.31066048,0.500367492,,0.938776009,19421.90079,0.455423951,0.125022654,0.469061095,0.586396345,0.116086763,,,0.21087819,7291.690661,1.276433026,6189.158286,53.99765355,0.600607905,6359.281939,4435.304734,26.73207758,0.840441853,0.786711068,2521.41245,,,0.609464146,3239.649454,0.772710698,31.37818243,1.094943096,0.563705357,40.1246637,,11.94278297,0.545986701,6815.840554,452.8486559,1.861391957,1.434454889,0.353437967,1186.1042,0.307260416,7049.889219,40.88518508,,12508.28875,21.98011184,,0.279418526,0.677226056,1157.427026,0.022839688,3628.889107,0.928030853,0.130140894,2806.723137,0.160489555,2501.096682,0.402999496,,17.27557794,14.18773991,10473.41805,,4963.85693,,0.184970501,3521.328767,521.4642204,1.033681873,11967.32739,5719.512675,74.79446647,9474.337948,0.755973427,15.64108436,,0.074343008,0.910802076,59.25545776,52.04363073,43.85957151,0.080851786,50.49491189,0.129416096,22.34476915,6586.130104,22.86598896,98.46091907,,0.990571891,0.79905626,43.16526429,287.006879,,0.765752601,66.67998184,0.906780509,4474.175101,4807.648845,,0.031914509,86.79339223,9083.320759,8620.341366,0.205208733,221.8915914,4398.532733,9225.165938,22.67444645,91.66416338,5813.617303,15430.23592,30.40518927,2728.710538,1.526039713,0.079879073,28.30933722,121.951722,,0.627249747,2088.720025,1.251954269,12337.80007,1.628725108,,,49.22958803,0.642499485,4383.190944,0.72866133,0.767252203,,66.55579116,0.5750332,108.9399488,21.4676133,1.067889039,0.350256786,1.198415092,1686.67339,0.089186549,98.07362934,0.614784012,2463.195479,0.253906196,3298.603826,10290.00742,0.065760847
Sample_71,36.00303526,34.95623788,1.053268201,28.41865958,888.7281816,7.716910584,45.06167379,6516.309346,15.74474749,0.151210712,0.0649335,0.220106271,5342.922855,24.00364013,0.479622893,5552.775326,193.0750674,1614.938009,0.370655269,0.354184495,0.280734784,1992.789665,3154.48026,0.660362057,,0.242743558,0.411690491,78.65995695,7873.6679,0.61908583,0.272573917,496.0674596,31.29334042,54.05283773,0.041178026,14087.64644,39.18104729,7173.96774,,0.777299108,84.74057757,0.599135329,82.33386762,45.606306,58.1662445,18.80050507,37.63127596,5866.135443,0.414186673,2454.94669,33.83376877,0.412835808,58.38270338,,582.3615362,1.003471529,0.156845635,0.712995795,0.198616443,0.00076514,148.8132757,0.778246341,0.787565359,16248.43905,0.021131956,3044.184678,,0.75692002,8440.725181,835.7733262,25.31719259,0.421093183,0.03676516,,0.47463971,16498.29038,0.821690669,3695.022403,0.725445761,3.646755689,1.080760093,1.845315776,8.182078582,1.564749838,13.50475946,0.286752443,6759.869729,7307.491087,0.585457885,,0.310579067,6971.389175,0.013119696,2908.864318,41.58745825,5016.063838,6915.669563,92.83348454,9075.923251,0.262737292,0.192259136,9381.232831,0.41787615,16690.1515,0.558417139,0.283328534,1584.494469,0.375249344,11299.76719,1.066913259,1.42807474,93.78980248,,3387.772068,116.3588228,3448.62252,124.0044935,0.544929498,3959.514905,7478.478045,0.368390716,8145.018977,3392.974191,3.193272094,6136.880569,0.31773345,,87.05541303,0.7300587,0.448159168,61.2623328,376.6491974,31.641618,0.248028254,25.96631561,1.580517464,13.46826203,6938.054613,8.59883281,14.74993319,0.495520732,0.202876899,0.743030195,54.22986409,10302.96266,0.154283701,0.990460426,31.92593852,0.342606043,411.2500257,5595.865101,0.416354878,0.988225586,72.67633395,1361.247146,8247.376721,0.727147221,81.45326846,3742.337628,3951.72829,65.28234146,22.52657345,920.6640228,3891.942989,60.45262929,1846.523754,1.140041844,0.010982569,15.77856176,60.16571351,40.11904707,,617.6863918,0.381241035,480.2377267,0.685787601,21995.54573,0.618849635,83.14442627,0.212222373,5307.249413,0.491291226,0.513688333,0.198173007,10.95850002,0.779441475,,83.21460187,0.821588336,0.183441324,0.457877437,1516.932621,1.093266877,,1.194651072,6008.060214,0.25411507,,,1.074144725
Sample_72,17.08797715,55.6284784,0.869208342,47.64868597,21626.93635,11.65238346,13.21457015,9525.72872,31.93529677,0.413927443,0.954398239,0.176081297,365.5857265,107.7856907,0.852164006,144.6905829,71.0511269,7672.577096,0.592076872,,0.318105665,8386.446306,7149.629162,0.057075,5506.760241,0.631047166,0.379814102,4.054241686,9266.308743,0.417510696,0.531955231,7744.938408,66.92316854,91.33849984,0.314576336,13872.55283,90.81701118,4424.77928,8440.223958,0.102003118,100.0230678,0.363179831,23.649949,42.39412952,116.5752363,4.238189694,71.68394755,7297.73592,0.104118038,3843.558621,117.3674272,1.005894663,83.99191385,0.884065801,16554.24578,0.245912594,0.530282738,0.175175871,0.006595116,0.307413848,197.0413323,0.746946119,0.256710358,3856.718226,1.368090013,4478.956117,48.02137729,0.951477258,8317.810723,2448.812013,18.6845348,0.594359673,0.705549022,901.8486134,1.031938617,8548.543499,0.451757391,5905.302816,0.435292787,30.45811245,0.233786055,0.159861783,19.20235919,0.77781387,103.2375481,0.771528126,8680.268287,5523.572681,0.063686149,0.619575386,0.875259347,8246.81962,1.078096278,3873.155925,15.20865623,2032.495543,7745.689424,5.536616057,3347.555475,0.986091483,0.632489264,3183.491662,,4369.319195,0.239825514,,2676.507538,0.894071828,2971.998072,0.139374743,1.574514163,106.6668888,48.91705837,7582.844178,0.814619544,6553.804303,22.49273122,0.594461357,5625.233292,10436.71867,0.951433784,8585.724999,4995.274878,60.21345504,12840.47081,0.075160541,43.59751725,81.07308288,0.205896991,1.088404618,56.58898476,10524.30873,140.5801894,1.096985197,68.00697204,0.353489792,66.68782436,6766.332908,20.71455355,99.27582608,0.330425772,0.759312698,1.247469625,232.4933514,11357.17825,,0.853844739,2.015877948,,13523.05865,5365.728926,0.167242218,0.500057528,39.01835627,11174.70677,9834.134831,0.417422567,114.2317456,7193.37252,5000.072963,35.21896016,10.80609999,2202.354872,1903.836759,45.7530108,270.3931047,0.638753915,0.980777876,23.84467422,75.38344844,50.84723879,,9749.629628,0.522414053,4587.597924,0.409445148,2702.191979,0.776876964,65.1080413,0.488982587,4605.28513,0.048799798,0.586960798,0.933901347,22.85288308,1.247924946,14.24777297,86.98979873,0.038844228,0.188767247,0.040225301,1326.423417,0.751608702,25.69512713,0.564896262,5492.957132,0.364306259,396.6809423,10014.7054,1.435168797
Sample_73,79.55722848,1.186156133,0.371449811,63.20004679,3340.502023,52.61542217,142.7930284,9490.259697,64.24393205,0.056080568,0.33495661,0.305756063,362.8115702,46.97078632,0.305521007,10662.95255,,7370.845386,0.046915139,0.011073707,0.108400624,3876.206495,4394.542712,0.931929315,2847.723361,0.159187467,1.776651745,72.23945102,,0.445757158,,5659.58456,24.78504379,84.61429066,,7764.840056,,11432.60667,1753.182541,0.166277112,6.367019201,,,75.82056019,65.19859107,34.58037571,2.561097611,7090.397121,0.363386891,2896.945136,56.36803249,0.677939228,3.17842185,,5273.795833,0.778359158,0.722106417,0.918796054,0.588243677,0.077240738,69.63950494,0.361108561,0.188911865,4378.14672,1.101703486,3751.977099,76.47002117,0.05637888,878.2137142,3070.515781,46.01159248,0.203046915,0.099265934,5768.064339,0.692480934,1022.303117,0.637858767,3344.619363,0.755003635,18.67969569,0.806271491,0.433775111,90.38323602,0.895802857,73.89643053,1.002090618,3392.404624,8770.84401,0.265662992,0.177630821,0.191424348,6835.683575,,7715.981655,25.19451469,,227.3627064,85.35594693,9040.966943,0.61924546,0.603313795,5497.734887,0.138263818,4473.561449,0.640738194,,1340.988012,0.651467718,,0.556793948,0.496335409,9.611679755,16.69637595,7954.474703,65.6042175,1951.505178,7.003945354,,6847.378886,854.5059175,0.128538411,1911.253785,15260.03434,45.31180422,7900.970526,0.952472692,34.69074652,161.8680431,2.557236915,0.217543578,177.9478641,1413.618662,63.00606709,0.837350932,137.2620983,0.253080709,33.27352767,1379.991734,30.93459519,100.6546346,,0.207306159,1.348571703,59.71931105,7437.234829,0.227861538,0.840210333,39.74216422,0.256965251,152.8979906,3321.36661,0.234055999,0.591460784,42.74569746,7572.476894,,0.333451238,5.643831162,7652.216891,2543.530972,82.57072156,18.50731579,4789.854883,14444.50931,62.37628619,1947.697357,0.242143331,0.40877125,116.1907201,23.92120366,33.15771984,,7537.691455,0.850152921,8260.904871,0.553855505,3270.681116,0.77518959,16.20268467,0.086219301,15488.80553,0.624100618,0.506346466,0.372652087,,0.012053308,78.72826701,27.35497944,0.798177724,0.139909312,1.345996065,6075.236392,0.219212032,35.61660976,0.269331788,474.0655365,0.904270204,4335.298693,3910.330401,0.768515434
Sample_74,30.7259976,7.296151069,0.914537248,19.0445115,5584.138221,75.55281554,135.0368937,4453.511441,46.2653089,1.165940781,0.254786796,0.482153037,6733.361503,50.96935862,0.618564721,7112.469738,37.74130009,5154.231472,0.467018698,0.279682838,0.610261276,6749.287577,4034.928963,,624.3934373,0.673608531,0.088853556,41.60688433,1079.221462,0.664962905,0.516893331,6460.416434,54.28931286,68.98802271,0.529199765,4938.314764,103.8810034,1750.221236,2489.293658,0.24243843,79.69637727,0.690000844,93.74156922,91.87009497,97.77593554,90.51505588,180.2182173,,0.167388943,3992.733835,49.99243784,0.076549737,31.38175474,0.592480245,1989.743949,0.083006603,0.308227986,1.045680198,0.306212037,0.303920463,24.51629918,0.879223673,0.383918489,14306.68496,0.583681632,8094.877692,,0.714864771,5285.09757,10795.80508,52.11108188,1.720260824,0.742240353,5288.181245,0.234529769,2193.645117,0.510605728,1462.948558,0.570470579,47.42426329,0.128209056,0.106338715,44.0154592,1.132022335,50.92416884,0.3330563,6509.768411,3662.820124,0.048501222,0.172559297,0.353332203,2979.028577,0.262448493,7344.144557,81.05891311,,6398.969803,30.38332872,3146.177026,0.430560321,0.617761911,,0.28168884,6520.299216,0.187037267,0.384817824,1311.152694,0.69614526,6458.836629,1.125932205,0.559377761,10.26469247,43.91442624,6186.769132,55.208212,3460.909938,57.72649581,1.019635912,15223.09321,3419.779382,0.120690516,4905.073375,2116.806602,47.51745763,1949.687077,0.620316983,13.87086312,17.71495281,0.855019946,1.686696827,49.50790404,4284.29242,21.26188244,0.571643305,16.24316092,0.345663845,,1323.21037,32.80377161,79.32941369,1.491427821,,1.397224648,67.24908726,427.6011057,0.053104439,0.352438483,86.88844335,0.588600081,13479.30813,5282.061967,0.198719027,0.854698847,84.97123973,4580.109807,8304.575361,0.341643917,53.08342447,3836.911087,6614.870068,50.75596956,34.56853518,2388.706775,8718.106175,16.0631659,9468.258274,0.893446239,0.476238136,92.10094957,187.6476491,77.40048961,1.086852542,5307.225467,0.388580114,1921.041886,,5647.966873,0.449866881,54.04876326,0.286163962,13783.7255,,0.153833071,0.573751631,232.728691,0.32025133,19.23001531,59.12413424,0.734746207,1.259343095,0.430333444,1195.78578,3.26065961,44.42081099,0.159437934,6991.857063,0.26149021,3941.968953,27086.9323,0.195928162
Sample_75,11.2382259,24.16582321,0.673252912,62.01534266,5381.999694,109.9464702,44.99778611,6837.450004,32.87222534,0.524092579,0.702694181,0.304367755,5976.614293,45.75028129,0.306974346,2554.078052,2.342216195,2623.241272,0.47242057,0.429810373,2.265781234,6813.392085,8263.547665,0.498149799,2740.607099,0.276053855,0.426086862,47.38413726,6091.462207,1.046500022,0.542484238,566.7295778,57.08132052,61.99325004,0.141724908,7937.050354,,3634.421134,4792.873138,1.45283824,53.43022476,1.392965445,53.5007016,2.773186289,25.49156682,116.3311529,6.368115445,6273.828174,0.766262898,4886.217492,125.2877454,0.57389388,18.23125176,0.035474378,,1.898398573,0.46513479,0.4195178,0.547495108,0.443167943,8.433455716,0.495695302,0.219208649,2357.473024,0.325901719,6467.12971,78.4252449,0.233404447,3633.373909,7117.133609,30.36566187,0.848324571,0.535571791,9314.722793,0.7912285,190.6927509,0.859082604,373.4606267,0.817483317,74.86095263,1.001218119,1.522448914,18.4497856,0.267749315,58.29364968,1.010898974,1742.579514,8791.174437,0.492035987,0.451334275,0.296153287,6213.157829,0.759957796,3653.678121,38.67080253,376.6093225,1713.800664,40.60220186,7138.971694,0.223369009,0.380294816,3694.060388,0.230510373,11715.66249,1.056112598,0.512324546,,0.051323553,4880.120197,0.498053657,0.657894734,102.2715481,37.97428113,,16.12421454,4516.307281,13.27951175,0.370916801,685.8598724,6398.775034,0.320600411,1031.844728,9691.752035,114.2784107,6204.233393,0.205116915,12.76165975,75.51683184,0.807473385,0.550753534,63.79202655,3504.239624,9.908261294,0.204378031,34.39288763,0.396231059,57.38471859,185.3349036,2.439678436,118.8164308,0.669848235,0.009572463,1.172637811,8.228970233,1431.312031,0.309288876,0.405984655,95.50000627,0.603284755,11902.60844,1871.508557,1.11168603,0.110553621,71.50079896,7012.222387,915.0153957,0.773025782,59.87205794,1497.034872,5590.389963,4.180883363,9.235860079,3755.826064,2266.218635,15.90586382,7577.808484,0.527340812,0.863789482,36.43685013,40.91621673,94.01677851,0.228549993,1341.269315,0.646353186,2192.338863,,1298.441835,0.598351817,25.97841026,0.210188714,1537.602829,0.348673622,0.394981258,0.439906884,99.51626827,1.343680096,70.33254532,5.213609261,0.344208575,1.282369316,1.042203219,8905.671817,1.022599131,52.86187132,0.282293724,11425.49469,0.34524365,7074.001339,5302.749072,0.247092609
Sample_76,96.32624551,46.52670123,1.029798942,65.1206553,352.3391994,78.52602439,60.05885627,3486.352847,21.52618488,0.217951345,0.292880459,0.385239461,936.907088,3.566900643,0.352364259,3418.273487,8.859971897,7241.767937,0.906968591,1.129288149,0.327087075,419.4331317,2107.826045,0.605317781,,0.449607567,0.853283087,49.3131096,448.7821934,0.919560365,0.290535334,,13.57185017,22.00534375,0.172287122,12459.37558,26.78152457,5292.398722,3044.932481,,82.18324363,,53.41135181,61.20497931,81.83066137,11.37197235,7.272418513,10699.21412,0.525224102,1362.846367,85.36423319,0.264651346,80.08717396,1.169832567,1205.929821,1.358157678,0.760717933,1.459007884,0.161761613,0.43947551,46.56824736,,,1456.427052,0.959374406,1343.840712,55.75559394,0.706521707,2838.174946,7393.753563,115.9579527,0.264000071,0.686883144,3836.189194,0.861777281,6567.955965,0.809311508,3297.586553,0.362674256,49.30085668,0.244123676,1.25219839,65.16807328,0.732919848,13.0618408,0.91346473,1789.094153,,1.20307744,0.85543364,0.856026222,9801.051162,1.258641141,7213.094926,50.58922864,8610.456143,6477.168398,32.95751691,2362.473182,0.249805314,0.239680313,8732.401035,1.230331465,4710.905613,0.556606639,0.139996925,5165.421479,,12111.65033,0.157854406,0.305140926,111.2983297,32.67061757,3930.804055,25.28908541,8707.385573,19.27635873,,3394.171763,2887.675933,0.792927444,1540.769245,6283.706581,139.6093951,4220.174046,0.960109913,0.980344358,23.63734394,0.841965675,1.311442626,84.0020411,14394.97501,,0.442343717,10.05275003,0.124958876,85.47796746,4301.12434,70.07111559,99.21908108,0.364006749,0.300472376,0.355155178,38.68670661,10341.77934,0.167496566,0.594579738,,0.677069309,,7011.830645,1.216305837,0.822257684,42.10375435,1086.072707,8619.091476,1.011296388,220.0444121,3665.357467,4556.209893,196.8650267,10.18790205,6855.793,5075.511569,39.72497119,6639.940524,1.573461363,0.35819284,2.44027057,,37.09168998,0.278920681,3352.538614,0.847701211,13063.66472,1.233290537,384.0506118,0.854967443,100.5998695,0.874340773,7745.395213,0.395748562,0.58190072,,20.43658095,1.553730484,94.23713151,,,1.208326836,1.092947921,6726.811572,0.98478034,56.33440648,0.273575854,4237.736242,1.00806951,1608.551116,7298.838962,0.190837787
Sample_77,40.83792209,1.851606543,,93.344438,404.7852489,127.370347,86.67533556,1081.850186,30.44789199,0.34816166,0.259855628,,4728.685044,42.72641172,0.194489219,3094.404371,6.06550621,6588.961065,,0.310479873,,899.4700798,4792.161687,0.504533594,2278.308524,0.218851536,0.571121103,48.32507596,7834.70798,0.018123237,0.319012246,6135.074404,89.29834114,10.95297551,0.114037595,13026.3053,85.55897466,9381.431522,,0.145951481,,0.138555393,13.12391298,113.9264461,89.14403486,119.9875918,12.1721661,4176.982626,0.568743302,7313.699849,88.18663336,0.116800159,1.894767164,0.439635193,425.9109966,,0.151635519,0.796628946,,0.779982799,65.13590773,0.004422622,0.241157559,15113.29862,0.083297801,4889.381694,7.67842062,0.356972164,4374.594377,6423.940155,56.91827116,0.363274898,0.680659072,1476.465985,0.710813427,3980.608396,0.004534249,5501.836785,0.960899845,,,0.494378722,80.52107508,0.62949348,47.72713492,0.395036146,1055.815072,5357.824778,0.962459941,0.155857795,0.482186357,1807.995831,0.461955575,2269.995127,188.4078457,6873.016406,4452.061913,82.70476219,1464.949788,0.564225552,0.719115374,4559.398912,0.324819164,221.9364655,0.781040847,0.72243321,1429.977053,0.392813932,5244.939612,0.082426446,1.192682014,89.15496459,71.69276805,,92.23529976,3445.132944,78.7383577,0.741854551,2750.157525,7848.576981,0.979008822,14660.51525,5508.726333,,10656.55753,0.579044668,77.68141927,22.67442846,0.407295057,0.002261222,90.16514979,14901.74393,111.335601,0.280202423,29.10787684,0.013700619,56.92949586,4469.949458,2.722238844,86.78542415,1.5957297,0.163308286,0.100115297,17.76641081,8657.653702,0.132756966,0.162082927,87.82908898,0.723250596,7118.927589,6806.8848,,0.753282887,95.83708793,8912.656515,17755.52025,0.481811958,24.62533983,7912.535491,5306.154526,35.11937415,64.58958705,4959.427549,12069.40554,48.15175952,6616.91841,0.867308142,1.219619682,10.123602,73.49130412,44.49390137,0.05281607,6888.116956,0.816931852,10952.77474,1.044915898,3502.308709,0.595591023,85.88095614,0.086018089,1361.539952,0.901437966,0.290725254,0.212207749,17.13976457,0.580963611,7.111057977,25.60780943,0.847831264,0.80065742,0.737611373,4757.231533,0.557000033,59.15834012,0.229395544,2468.082425,0.673834236,5510.46492,,0.274586539
Sample_78,,27.69573005,0.282655933,29.95515309,1560.461882,100.7227954,11.36372694,6909.424306,32.1268968,0.874783758,0.374287273,0.539799504,9023.711556,24.17926207,0.835440774,1243.617206,34.91630646,2825.765783,0.071813685,0.184755143,0.631479118,11113.37133,7225.15179,0.273476289,8327.382929,1.476665638,0.820318803,,3934.589839,0.590969578,0.052636093,9230.636016,74.94943877,65.3703264,0.135613053,2657.35118,13.80971321,2733.232352,3324.274494,0.590015377,60.37911515,0.405589365,96.32786468,43.61805829,46.10922772,105.7189186,9.650270021,14418.91005,0.45804152,8858.519656,37.11679379,0.974903335,12.64367097,0.5158226,,0.382923095,0.147781864,1.215520106,0.492010296,0.268824105,17.35363207,0.762303823,0.165067841,3346.68694,1.363860124,7725.012944,55.03362912,0.677007792,22624.01835,2710.27827,8.954079232,0.462428551,0.149097393,1815.346287,0.0051259,13929.83932,0.220250906,5045.071902,0.121068875,4.771469597,0.376485191,0.564142327,8.99540466,0.38340799,65.11848247,0.753885615,5375.830118,1482.373522,0.894277473,0.309477222,0.285579246,5043.273753,0.147132614,5344.994663,15.90003858,6436.385562,5386.206628,50.58737942,5688.996284,0.446573674,0.737325346,714.4500636,0.802988209,406.7939743,0.825158787,0.258194606,7726.510495,0.482980965,9945.640305,1.017989676,1.044165257,122.2591737,76.84500468,109.7774762,66.52359435,196.8823251,29.24438896,1.394031918,1616.090094,3816.756673,0.34786262,3290.640384,5066.781251,9.398948395,2582.878955,0.643308336,32.02310769,227.6448198,0.625754678,0.698200501,14.00329922,18909.1139,54.9582965,0.391365972,53.63666786,1.2246604,47.77557088,5827.972173,119.631583,0.664465527,0.627321566,1.317750123,,26.60689295,1232.530847,1.099060326,0.750324151,102.7904527,,12569.44001,12053.32846,0.901740407,0.962274016,56.26214023,5494.738326,5884.651116,0.339854606,158.5173979,1546.614423,5958.073397,84.06524607,53.40048312,2241.112486,,89.45530955,4817.593179,0.415057731,0.065986452,94.22369698,143.3784563,,0.903900335,13571.02023,0.534884709,5001.634295,0.199833296,6146.893581,0.12926218,45.17076292,1.461190963,6677.893065,0.905439269,0.364460768,0.913322602,95.21467037,,53.59271378,83.87590824,0.716893312,0.156543257,,,,84.13535895,0.671285315,4222.270576,0.162856838,9197.911331,8129.54187,0.668638505
Sample_79,77.34486364,56.49917262,0.001009234,72.47715383,1749.070685,33.34248768,54.83992324,1504.76418,18.251626,0.292735668,2.094108345,,348.7338505,27.29140581,1.647596559,3585.916219,77.60202581,1040.060641,0.161439334,0.551958926,0.650001461,,6236.933563,0.213235026,4383.07086,0.107102924,0.477628175,62.91764089,7238.520149,0.44355872,0.016490499,3108.385623,55.70991346,25.09994278,0.376045845,5182.791585,61.38072992,,2038.092024,1.680817498,54.09014773,0.244144719,97.28889752,73.84784324,49.85299417,69.63871684,40.52096169,3927.497143,0.08598301,6865.41289,137.5570798,,,,6390.913483,1.895492176,0.726603186,0.670427907,0.480074844,0.081006876,94.16023159,0.014474439,1.019567413,1915.194395,1.143754309,1583.092031,36.16710328,1.004097634,4063.663287,,42.20693663,,0.8043221,,0.345197088,7285.072483,0.616350131,7878.114112,,71.04159226,0.114392578,0.121913272,47.64401048,,20.17942261,0.913577792,9353.972505,4901.301308,0.750326351,0.178525094,0.166186135,1618.477785,0.28613742,3286.35891,45.37295483,6694.995557,3834.069157,54.19529845,1152.058049,0.175212133,0.384384318,2434.974893,0.354220033,2820.057089,0.105115247,1.138209048,1698.566832,0.11608733,6512.935938,0.192024231,0.810917072,126.8066747,34.66777231,6641.200279,25.73548009,1322.627408,33.82478119,0.133267479,3278.257749,971.3495301,0.419493915,10929.63357,8365.881521,93.15954255,4944.982619,0.603578429,91.85091319,3.704114728,1.285327504,0.602097066,125.4547973,12701.68744,30.4155733,0.822352865,108.132467,0.49613984,2.786446739,14436.79242,25.98446239,91.02257309,0.156258591,0.718845507,0.31503597,3.568526349,834.7123969,0.137458934,0.503707541,32.94928423,1.571302859,,6519.646841,0.212769884,0.936408112,75.90890029,7347.143507,19202.69778,0.639424467,5.437546218,6802.452474,1042.493937,130.9726591,36.52779511,7290.350446,3896.641433,55.97516932,,0.359944567,0.265696325,28.65320874,131.0292653,25.39880329,,15097.82692,0.49242893,1151.818226,0.348955667,10045.31134,0.704947792,103.8319369,0.044786683,4388.332875,0.619972809,0.779193292,0.764533228,1.520104596,,88.8519749,8.115773001,0.270934917,0.095373309,0.006162428,7715.457717,0.121991147,57.87972995,0.375685851,4610.875344,,5937.391595,5226.812798,0.520811831
Sample_80,46.55941105,39.30161549,0.030620207,24.38231907,,35.41649903,13.07459981,,27.52169639,0.097530163,0.573124372,0.078033079,5809.227229,15.42853506,0.013086212,,76.6255653,,1.183032516,0.539407062,0.842766668,7090.03702,2077.29668,0.636143546,10970.88566,0.146163017,0.415620448,19.66036486,2845.634073,0.863421339,0.047901965,,4.975341725,39.61615819,2.406060901,1772.297089,54.44820628,2168.531712,4953.882718,0.362112557,58.62975606,0.541788908,90.82190505,194.2658767,25.84619132,1.553593477,,11213.57858,0.642222222,3670.783563,41.19029919,0.763229602,72.00377448,0.796460813,3747.387717,0.707121238,0.793282836,0.196619718,0.781684284,0.3953119,83.72658057,0.785696092,0.775126408,9599.693853,1.60689586,6353.241899,53.77143892,0.64762072,3688.892052,8251.672736,13.99328125,0.325663181,0.130662005,6254.856034,0.032359526,9371.725935,0.775679841,6110.175672,0.938666758,73.3003206,1.029361501,0.376313741,77.67654104,0.431320235,22.83699939,0.640056117,2369.512536,2448.146681,0.4282095,0.304091752,0.12718583,4371.249644,1.49540791,178.6393236,,1146.890308,2495.087598,78.33903879,1008.313414,0.244039143,0.283567352,,0.805491159,508.2099993,0.149675835,0.388018062,4518.051533,0.566342697,23366.89155,0.384126263,1.030473999,44.33988134,32.7536332,4131.060157,33.66780263,7873.428647,25.63776309,0.544682424,3208.082237,1547.315755,0.557376708,14723.03283,927.0741243,57.45691476,9229.361324,0.596807138,62.99157876,69.20397904,0.112098895,1.040173383,7.398619271,3671.019106,107.9855513,0.570377829,,0.165129128,158.0924222,19915.49583,48.4196028,40.93555968,0.679322044,0.366031412,0.980470901,176.2766685,5437.499553,0.130457039,0.296875611,54.61019222,0.019894834,15280.5657,9861.617807,0.658272994,,6.698625728,1879.338375,4652.538765,0.162506933,11.42393615,1909.752392,1070.230979,29.39757173,13.67651325,1744.039366,15878.815,,4171.710533,1.24577915,0.289321433,104.6553356,25.91558843,103.1669485,0.46930398,5469.748956,1.614101492,4118.655876,0.341262284,7143.762947,0.04193865,50.93631122,0.239145122,2098.24088,0.620361553,0.023168526,0.106790109,26.55306274,0.152603464,106.8845277,71.15414575,0.198201044,1.749839353,0.335820329,6171.598942,0.784162998,39.77410456,0.773752601,3479.969378,0.510698737,4123.692461,,0.433834972
Sample_81,8.788109906,18.39186817,0.633830777,13.371446,1875.087743,56.28154035,,927.8566281,80.94613875,0.090033539,0.749572417,0.788307458,19298.50502,59.50549205,0.01483713,2723.233047,50.63076765,6573.934294,0.884704423,1.105119354,0.59465366,7830.918384,3792.81621,0.120475548,6647.036337,0.997850372,0.73915091,89.66397591,,0.995721012,0.003443997,8272.03738,12.92493245,71.44667612,0.51130067,5022.756606,33.7532378,6704.171521,11655.05274,0.826570958,16.10658082,,85.66069156,8.666547864,43.7264971,139.333122,31.75890416,,0.647210852,1585.657478,,1.092940704,42.9367482,0.095805343,8132.082471,0.613875871,,0.802491949,0.680836865,0.087615954,,0.545600229,0.616770107,4979.759884,0.659077259,,116.6780099,0.147064653,13813.73174,8232.189515,7.723611202,0.928942821,0.200921344,9642.813732,0.952323708,,0.782570639,2874.737463,0.860587306,41.95943492,,0.720650732,71.46388531,0.617297153,77.94294416,0.073033237,6807.626884,3729.199393,0.030929813,0.679825937,0.081181874,3141.363649,0.790964362,2322.494403,9.01878365,748.492257,,72.68557401,794.0448365,0.381986247,0.827904249,705.0631684,0.27535625,14982.56498,1.645607901,0.344353653,16878.63839,0.027084418,1790.05004,0.120647355,,60.00521472,22.76485295,4291.787295,201.4156417,5830.967104,,0.62257599,10598.3996,7937.741337,0.144065981,2843.677337,14180.05217,17.6486049,12714.82299,0.611831027,8.758169501,13.37774657,0.918404906,0.0016943,19.02189167,4250.66194,23.21664815,0.69870015,,0.515366847,14.57807396,4139.893739,22.39443281,,0.516089456,1.225807319,0.341894084,29.41748923,7079.777128,0.595818229,0.379254532,23.01386844,0.28849549,4826.231067,7753.937353,1.040824873,0.97668483,40.75907761,9088.12525,4538.896315,0.141179231,39.79870215,3754.223417,1905.872453,39.43405922,8.135962176,9103.741814,246.6916997,36.51737255,4354.524389,0.567992902,0.825710692,102.0391683,36.6464604,55.98929018,0.328998671,3210.762505,0.258720561,5694.570564,0.237973829,3541.877667,0.957998226,19.1175312,0.001298973,2747.719093,,0.379728381,0.728196555,51.60637822,0.167951601,151.6924515,59.03557862,0.077121204,0.307200995,0.60932517,2514.81867,1.004318169,12.45983398,0.807355224,157.060426,0.426651298,,3907.484978,0.247015727
Sample_82,19.67659158,83.78501009,0.66183941,,9231.123084,,8.457505976,,21.6416778,,0.282215707,1.588043313,11701.6274,52.82515759,0.20404477,,79.96715684,4922.426851,0.228571677,0.380015901,0.002496206,12013.92154,7932.752637,0.811163068,5011.660937,0.220057225,,71.2297041,6585.721811,0.360616393,0.190154742,5739.827555,95.42343484,65.92351553,0.180715435,3889.728485,8.856402854,,2124.623201,0.905911757,52.19923926,0.839063391,68.68578324,27.13038738,,31.01777067,41.5415714,7054.210176,0.965849438,4372.077412,142.9482376,0.89202088,115.8448731,0.016591363,6652.162334,1.352547919,0.122381656,,0.262072793,0.5023245,10.34100203,0.622559238,0.562890642,6175.09281,1.329465811,7882.634247,23.79480544,0.015023982,7739.466948,9245.182941,8.915912482,,0.447636747,7487.785343,1.398342917,7848.559222,0.450999095,7435.747436,0.541394095,18.70439011,0.369760453,0.422303755,8.025351173,0.296624687,33.47330881,0.051630862,7305.72297,,0.462964093,0.852993947,0.824522549,5644.028051,0.698291742,10702.92937,41.23745215,8742.896386,7063.464645,63.86421707,1431.210156,0.055360171,0.13578035,11861.30487,0.921463192,8630.430345,0.089053059,0.052189949,8897.78287,0.799157245,6005.191527,0.677833709,0.376224361,9.716107151,114.5477446,3817.118804,57.82585764,7674.975238,59.84365701,0.0052249,10741.98475,1974.668386,0.204145251,11372.3207,2794.920819,12.8112614,7332.59057,0.694320206,49.27412265,2.978582576,0.282917311,1.313702095,12.27811091,5882.309883,20.14506622,0.112452348,9.952961156,0.190274682,68.31340409,3040.098564,56.63172314,51.27560874,0.284969126,0.120832154,0.749067661,42.08762112,8619.609129,0.139831643,0.619123817,80.0421562,0.055855922,3767.896199,3942.608498,,0.314343136,8.707730356,,1781.187523,0.161808352,61.13367658,3214.715403,5146.55977,33.3886834,231.5974371,,5848.859964,62.51121625,7073.05693,0.015252568,0.898293987,68.59693133,46.59573896,59.45313237,0.546969107,9942.770475,0.005015927,11808.57689,0.481089102,4143.932578,,108.0347813,1.180999327,3281.687734,0.928870106,0.295072668,,8.541615034,0.368745978,90.13023051,90.27926498,0.573390662,1.197964386,1.171023691,571.0753842,0.538716084,,0.088163744,8326.04644,0.679942314,7313.013006,3003.80923,0.522410983
Sample_83,34.7085275,,0.607065473,22.6370154,5126.787048,11.29286789,,1059.410523,50.77946418,0.201430795,0.628173678,0.093093537,6002.769071,70.26985386,0.809789944,4467.74766,39.07536042,2641.617747,0.348192354,0.226671994,1.44886973,4883.905025,4254.716781,0.84223618,937.5769828,0.514601352,0.483769439,56.97715246,,0.717270792,0.131491541,,74.80410899,106.4262742,1.348267114,11424.63996,82.72871281,2289.66069,250.0441283,,44.36296987,0.976180231,92.14518806,61.82590931,10.02954065,50.64924886,39.12892648,7901.659125,0.159620205,8394.757809,,0.750586115,20.9907566,1.079790818,4077.006274,0.23576929,0.365082144,0.127932292,0.880538385,0.195633256,38.97018463,0.638932017,1.285672403,4214.59597,0.656952034,8021.137998,94.65056538,0.668486581,5756.735399,3231.160157,36.51273748,,,8107.494359,0.080624279,,0.564121736,2242.092945,,87.84753469,0.31031366,0.34236042,29.27914727,0.672337891,,0.828535783,8476.215199,3514.954321,0.097672928,1.174893891,1.047323253,3712.968903,0.085065614,7130.985612,48.57844985,3338.864865,14684.05197,50.69435124,7365.662804,0.92232283,0.171631639,4361.809154,0.474933235,2931.068383,0.367725493,0.160765336,2848.091244,0.385446016,5101.756715,0.105277603,0.385563876,15.53313032,59.57690927,3459.427701,9.934171111,5260.535033,87.09070435,0.427988525,6266.872747,2122.157177,0.055295885,2680.183229,2137.788538,41.99222987,1624.127604,0.464509122,28.12699827,227.0954886,0.252193392,1.018604006,73.59283617,3438.960784,19.12548303,0.401728584,,0.639805799,7.066093587,6799.564984,3.931273902,7.47024488,,0.199261169,,49.18570446,3990.326667,0.418946507,0.628564267,42.83826503,0.628559518,4759.183876,3113.493079,0.004368625,0.69653747,81.25704165,4186.834866,3810.268336,1.025492308,1.57557936,1442.050775,8780.270941,40.63640279,81.98030101,8973.614507,1653.395641,66.72218833,6160.730396,1.353467107,0.472004233,33.40968126,71.99402607,73.13853902,0.312220271,5663.183745,0.336462275,15942.62506,0.386262101,1305.621951,0.151450148,19.99219231,0.484392095,4734.291094,0.007459526,0.540196349,0.597804252,275.3332901,0.223457974,2.606306406,30.39189175,,0.335162235,,,0.107822453,83.92868315,0.86232202,3969.190254,0.745768522,8588.463064,11215.76498,0.509434192
Sample_84,71.35519811,57.44358484,0.503000401,36.78034691,4022.334612,36.36196975,,4951.608191,53.56201031,0.38555751,0.265433486,0.753044523,2643.349069,6.64975956,,29215.27679,29.03594328,6761.542698,0.916541597,0.513548909,1.37375095,5588.606577,6609.602259,0.182953828,7837.884808,1.831863084,0.142321438,50.11476812,10825.67755,0.62274071,0.239416567,6469.769548,42.66025726,85.97725437,,6036.364449,100.9237472,,6221.467224,0.619235419,,0.36656125,57.48007277,19.89308819,113.5956874,48.97972434,197.1157768,4547.951272,,974.031023,34.50379512,0.668211124,2.513338745,0.710148354,5200.133961,0.075740322,0.042893805,1.086339793,0.56947779,0.583965881,93.41936613,0.291645814,0.580811092,4753.431303,0.396764478,,60.62778863,0.17707012,8435.630508,5665.978108,104.1389326,1.363967093,0.070727093,,0.827256426,4765.428159,0.566601336,1591.443698,0.860834562,9.469214218,0.552385149,0.990963862,22.29159907,0.797230249,24.29934164,0.05750473,7040.744426,3393.600351,0.691017087,1.62094785,0.166536362,3177.679533,0.240635997,8353.913249,51.70469076,3949.020585,3595.915328,86.66348702,3833.579608,0.241071737,0.469547042,541.934772,0.256295737,3671.954941,1.018556247,0.126141743,,0.662808572,1530.748287,0.00305776,0.267719579,54.06609305,77.97626592,3629.752177,44.02250147,7641.658392,92.82331271,0.265666935,7025.349763,4200.013542,0.252532236,,14138.42162,19.47036898,6489.991875,0.266641521,15.04698708,46.23050156,1.01696402,0.549571938,22.69743779,3533.002097,24.15409135,0.130159053,88.52496288,0.012326678,57.95325448,4297.566265,150.2153475,,0.964031148,1.177520099,0.219918043,56.0482476,,1.131405949,0.311853705,129.6856406,0.127246079,10141.60043,3757.010669,0.280847569,0.506486003,96.52035837,,,0.908013459,,1520.238955,5993.297476,,44.12604305,847.8873837,1972.0279,63.67321745,3004.789553,0.978993946,0.366669094,118.1797124,103.8083069,134.2151974,0.501105175,1706.006236,1.170188296,8126.89574,0.904316328,3175.791714,0.023418619,29.11729117,1.279248308,10401.44543,0.335365404,,0.832682211,58.29504387,0.471840251,116.0683375,25.09123423,0.786153065,1.026814042,0.031850803,2201.243595,0.648129203,100.5465666,0.261331388,4519.43866,0.040556917,,5366.92345,0.408883783
Sample_85,45.57815057,147.1663081,0.283460161,,770.171407,166.4432294,38.36365352,2352.481612,13.91465495,0.926528526,1.482689231,0.265483635,1753.59911,13.46772391,1.08847436,5765.177641,30.07935669,6583.563122,0.461016359,0.453195586,0.645354333,6349.740392,7833.795571,0.177931048,2805.219159,1.394053809,0.369454203,33.92571663,4968.868307,0.554611394,0.246962119,701.4473835,34.12157322,78.41095775,0.707510841,13938.63947,2.713835917,566.9059329,909.6550143,1.370777856,41.58387944,0.162271906,96.00256528,83.70201851,,28.46033681,20.55092309,4303.336623,0.225795382,9583.272668,89.07518576,0.159826738,79.33506525,0.239898904,3525.357373,0.176127025,0.653559112,1.21904487,0.517040834,0.28334438,79.94126597,0.035556063,2.023458909,,0.585562089,1884.56897,28.03320568,0.802464812,11424.47371,8611.214792,29.29230847,0.564005435,,4192.778406,0.059343281,,0.894152911,3709.636128,0.333438777,21.10185668,0.336945738,1.067988558,66.13504094,0.095261627,50.00876298,0.522654177,8774.002013,182.1999474,0.225727203,0.924633433,0.222550989,3418.732532,0.118093906,3460.986384,127.0959349,5945.082449,9299.820918,,4437.420353,0.890962453,0.420207938,6670.846236,0.429772557,5301.559439,0.392603089,0.098459335,16107.65493,0.07528678,7575.112901,0.339548054,0.029190314,65.91513741,123.1436321,1262.621671,172.6517803,7650.603738,123.899999,0.45572242,4660.215269,10391.56192,0.418354641,13307.40657,3000.410491,29.77572633,10836.18256,0.447449013,50.07893574,121.7817582,1.061572956,0.050597019,,1639.973292,96.09485673,0.759574326,68.51487292,0.843923319,18.99761721,7579.685805,64.01479658,58.98136152,1.236363202,1.001863624,0.534875804,25.90497175,1789.414852,1.784467925,0.952876957,,0.468946387,5753.773634,13201.85991,,0.440211327,46.59845872,8046.656819,6572.2188,0.283053743,59.40664901,9085.923842,1532.414468,31.77406557,35.02296283,1362.995306,11135.58758,2.996288443,7305.438393,0.59050608,0.88199297,54.53283697,7.055228371,4.736105694,0.410324094,8760.420741,1.410703613,7818.911465,,3207.646171,0.192135014,5.393555516,1.197439669,5892.280781,1.025905808,3.235255739,0.048380798,22.07721362,0.113767183,14.61728695,85.56968003,0.136565233,0.501958661,0.718988335,5869.589551,0.707261835,84.16209126,0.403182758,9347.536206,,2651.098765,9917.89523,0.136151744
Sample_86,150.3124137,98.41982206,0.463337529,92.96064626,7550.102367,88.40744248,132.2445092,4682.200903,1.740884677,1.480185953,0.897864832,0.22925401,11326.3866,18.95340717,0.382782337,10945.74241,58.19192431,8443.613642,2.333038861,0.558660487,0.352681213,4894.050522,495.7775638,,15597.36777,0.445595435,1.72933808,33.87709998,2313.220116,0.665046973,0.486714217,2172.456702,24.27450362,44.32298818,0.399328311,14168.25955,,2170.633696,,0.38271942,7.389866068,0.197459847,46.17463791,16.61689264,205.3714036,264.6044601,33.72132374,3311.986249,0.569398817,257.3462992,134.672708,0.546520236,144.6058403,0.094602834,10957.61368,1.068763125,0.102208666,0.98270507,,2.23141705,72.60284347,0.424505691,1.099039733,7303.639458,0.51227794,8371.152844,83.5138737,0.692979511,8962.965531,2176.549689,44.43117042,0.387323108,0.387451497,10228.14702,0.809085905,6603.799762,0.806927389,3686.440426,0.76293484,72.06107972,0.789572804,0.210193523,17.24918234,0.780617568,,1.151648596,7289.382381,4026.808708,1.171916771,0.596797067,0.015788847,6409.502982,0.370243075,6985.419,,9308.078561,2683.099609,43.60590418,1557.811729,0.966390395,,9001.539944,0.704228773,2765.316472,0.316100817,0.678889763,4315.094073,1.226194816,2980.547187,1.369111519,1.301620765,54.91947193,31.15963266,2740.585039,8.011607883,1439.440776,22.6520211,0.714402057,688.9339728,10549.95495,0.589416392,1528.956918,3765.462782,135.3906243,6269.145807,,76.69951134,1.786598816,0.63800446,0.892255194,63.34149713,7125.308616,17.50608098,0.738591604,20.33261655,1.086740003,29.86057054,3302.798691,24.56674197,69.29006834,,0.100545902,0.940345046,102.2345697,9876.259877,0.159542054,0.469411538,,0.470460417,1949.492503,1271.596478,0.486672995,0.45257796,87.4283973,2244.710526,11853.14986,0.636161173,84.75377314,253.5966288,3428.693503,24.88134131,27.13685086,8491.088751,,70.6164999,8113.536096,0.762057202,0.113573958,80.81771544,15.27567388,,0.039339499,1932.098449,0.515395723,14156.97466,0.797086237,4286.371671,0.417216831,28.25950218,0.331145795,5999.386835,0.230558618,0.899069761,0.149273802,50.65488357,0.870753178,56.60861216,71.87796713,0.796650525,0.465860483,0.221169731,7895.930754,,101.4979114,,,0.460239785,4673.774275,3035.153175,0.654099214
Sample_87,84.89180535,,0.065362621,22.03139067,12282.34825,18.50061936,103.6898077,7898.493826,16.0460617,0.109972436,0.511606533,0.20974152,6151.771231,52.98728471,0.53440443,6166.65028,201.2893572,5663.932447,,0.160485542,0.270902151,2335.944282,3764.333178,0.344602609,4029.04888,0.711425949,,88.87593711,2937.477894,0.161796157,0.967230266,5288.675804,,75.92008546,0.826068931,2699.761161,60.40890307,3834.107548,290.2932069,0.797938796,83.16637938,0.815999405,115.8869676,16.56447437,53.23697076,62.13188376,36.76509344,16810.36957,0.445530678,2205.61939,73.5072767,0.48068008,54.31287639,0.306995297,9505.726247,0.668392431,0.073057671,1.153302368,0.880940436,0.180875215,19.92854919,0.098787354,0.744989167,7763.912933,0.386118108,2209.105761,,0.454333174,6620.912188,9265.369251,79.44731306,0.999649121,0.393526357,7244.950355,0.277163336,15191.30412,0.666959884,10863.15575,1.27089918,74.89528111,0.119609796,,37.68864562,0.515150633,,,10165.04709,995.5029475,0.812381376,0.602506092,0.270528265,7202.360739,0.384739694,6373.153866,69.95800125,7307.366205,1741.603146,14.3987141,8789.749972,0.485793704,,2608.43766,0.524415068,1259.403693,0.024847693,0.192596622,17184.10927,0.381148557,7770.250553,0.802961736,0.434135056,38.50617215,58.83428868,7282.727901,83.42833447,5224.449462,62.44545716,0.330507476,3323.901078,4887.365201,0.584744478,3731.059191,4961.400391,41.82081975,1239.236013,0.483831184,71.91726257,13.69320138,0.024195729,0.33991231,44.5555945,10805.00904,82.39105589,0.598741672,25.46155992,0.6651496,134.6934679,15623.20448,31.44393025,,0.021657386,1.515064699,0.644293975,185.7822776,6157.191643,0.683572258,0.850327274,103.6313449,0.722491903,11490.59438,,0.652787675,0.324415393,104.6208378,1312.740933,178.6982852,0.80433097,3.560272528,6735.159769,424.8012047,139.6275972,39.44176232,674.0703761,503.0484538,8.448070965,3432.83493,0.020624844,1.231864112,92.0147882,9.781192332,16.74426567,0.774356321,9483.575596,0.151108503,6668.734533,0.711007409,3489.022019,0.599295255,155.3806683,0.289296733,8794.70928,0.64276851,0.830705728,0.802580905,10.46343102,0.234751527,7.217530316,51.7382617,0.008383451,0.607770296,0.858578626,4526.189184,0.423865644,37.99915732,0.405807419,2375.432419,1.145582629,7713.090332,,0.40665003
Sample_88,24.3677375,,0.466258352,89.45444011,9872.065067,74.31955196,22.85635393,6598.760383,77.06111753,0.53731988,1.622901018,0.527930277,3846.477709,92.08958733,1.02029985,126.8188169,26.64141244,141.7211441,0.75458228,0.019801483,0.253399481,2270.935957,9852.392725,0.795865828,,0.373632381,0.449367318,10.79561787,8640.263669,0.294909574,,4577.907882,,6.047504228,0.66822542,4786.871952,116.0545656,9315.381616,4561.441185,1.2316778,87.9449981,0.30201182,54.64790041,65.35005979,5.621393245,65.52773641,46.67106285,4825.054597,1.026083035,105.9724217,3.016309057,0.613030131,52.84284847,0.067144394,7150.00513,0.562431343,1.041902102,0.981300755,0.096096434,0.211915219,137.9569879,0.350723707,2.422720791,9607.260771,0.733934363,10680.10103,51.95539378,0.384669278,3053.63219,271.1517446,100.3563619,0.54597846,,4366.034794,0.202622612,7011.781556,,3281.425692,0.200039076,110.3630156,0.333763511,0.693437695,,0.88578513,61.44720082,0.528890074,5537.338622,3180.754079,0.825624541,0.266019304,0.08205394,8081.058406,0.322472237,1132.892787,51.88662859,5798.251077,11693.44751,108.6511276,3060.196125,0.550678657,0.708112201,3598.789725,0.053451559,11484.05979,0.10938828,0.000837398,825.5808369,0.598276479,833.2637314,0.45434498,1.233688236,32.3380919,23.13846736,4128.093034,45.86872002,10710.24049,4.270504388,0.331147715,3585.021708,,0.278149609,5504.250517,3522.280441,,1150.151404,0.248269297,34.72396737,38.9776228,0.103018659,1.53425551,,16499.0372,21.70568877,0.533966715,74.85788365,0.457635608,122.7540557,5476.519682,105.53298,16.16214736,0.643153132,0.996674112,0.288877722,18.0425691,7498.233447,1.540931921,0.363427142,57.46300896,,6297.48005,1150.928941,0.201024907,1.118001286,60.07468647,9810.460373,5677.801213,0.856468649,22.09276894,3534.106392,,46.07238585,33.36303473,312.330406,843.6789135,43.24481908,11134.432,0.154588412,1.152487606,29.66605804,84.4280678,27.44199889,0.849026623,9822.126041,0.288572442,17000.57753,0.207841851,6319.49091,0.480902897,50.81723814,0.641958245,13029.10194,0.978465799,0.038641668,0.321350318,42.49219479,0.206532653,21.36493964,5.667546364,0.790565367,1.065676913,0.695733208,3018.77004,0.15700686,90.11340859,0.048077093,4983.126489,0.316539939,7501.088169,7578.256716,
Sample_89,92.01122169,60.02582787,,,7725.74757,,23.29259325,7323.581906,61.40571217,0.344259373,0.245937612,0.288516709,1029.694979,70.84647777,0.824598539,19296.02205,121.8319263,8495.492878,0.072573098,0.783532072,,3724.846195,321.5286883,0.460029301,3716.809036,,0.008548962,21.65939502,4009.653067,0.785917892,0.135004236,2853.29078,48.79278421,31.83687778,0.170293363,381.2579565,30.13259068,5828.315418,3293.282594,0.949877016,33.14138136,1.020445002,94.25278393,17.29981106,64.55540451,34.50319198,30.38449367,6327.73121,1.088733868,4803.508102,53.67082637,0.798995345,71.0972782,0.454656807,3962.3631,0.69812651,0.325561477,0.71024913,0.366547023,0.41578033,76.88840963,0.247046975,0.133460586,867.5878679,0.279813271,7159.053791,,0.09793508,5064.102645,9177.554922,96.68548386,1.612096063,0.814126433,1058.742234,,2454.140848,0.817938275,2783.364406,,86.65637531,0.158857925,0.563485892,55.40801755,0.505420342,37.45274521,0.479820768,4754.014933,4297.790934,0.54045784,0.373171813,0.352885431,2281.745741,0.23921496,7382.316094,75.78791618,6779.185653,6247.20946,49.29355606,10726.22164,0.51552128,0.326524049,9400.025042,0.167192702,12040.50399,0.958329698,0.392640254,4923.676375,0.231472097,431.2190977,0.125035049,0.791391286,57.27489435,11.46942518,8639.765875,47.42765503,6799.266129,,1.563720976,14420.64204,4646.959095,0.032910921,9134.699353,1007.257963,22.04390464,678.357432,0.054938148,74.60337357,4.927779522,0.629580072,0.135947404,40.25855655,229.5328699,2.072800087,1.121543442,34.44070236,0.270269953,30.21858919,2219.315453,,114.4028996,0.60977474,0.021036916,0.660691106,72.98327459,537.601578,0.117170799,0.576740623,43.51193068,0.256381473,7131.807251,848.1572742,0.562971786,0.870061705,17.13295728,4485.581824,917.3151409,0.70639618,44.5199404,7056.721173,,205.2956045,73.6789073,6810.574837,2178.301496,40.74906019,5129.916466,0.242385764,0.545669864,117.9082752,45.53171609,24.55886677,0.122005596,2399.990355,0.128213321,13974.31109,,4269.405068,0.731501576,13.74894199,0.253669554,,0.74748365,0.95985352,0.558741986,15.19345291,0.272874322,8.832233418,46.79429071,0.822626088,0.154270296,1.328214749,1200.896134,,24.12735255,0.217492,6071.09325,0.186919504,2001.88777,4664.352726,0.458065508
Sample_90,166.9786778,72.71295524,0.471292387,14.56091724,6234.934069,25.60635981,52.11731524,5745.24578,82.17777064,0.31579289,0.556953795,0.393264112,14516.41908,104.997218,0.58946566,,8.279523826,4201.024081,0.805259218,0.406591853,0.798025541,3070.510123,5286.158549,,7889.62658,0.420979239,0.211845775,49.22118429,4590.177369,0.738454755,0.203721046,5002.115282,,47.71659049,,13509.84108,12.82480012,5489.640498,15566.85826,1.074038842,102.8342848,1.160858674,16.68178589,74.94108005,46.3910503,13.65082124,23.84567913,5488.192488,0.201643978,9538.813491,59.94060144,0.67822179,56.60046295,0.357666174,2063.974281,1.2839263,0.40006873,0.289121943,0.338584364,0.626196228,,0.596526876,0.245446494,10883.9148,0.372550029,682.4206897,95.64578082,0.960825833,9864.518329,8100.484103,,0.165815698,0.536260172,7927.872192,,3667.798231,0.795671806,4201.42008,1.025077157,88.85148817,0.272456698,0.352633767,105.9782433,0.271598763,98.85092214,0.06174258,2117.613458,73.31054829,0.865058972,0.147280277,0.88458183,98.65239183,0.817796584,6216.550477,40.59163239,6363.630939,,19.88513052,,0.034512,0.507955123,3050.58991,0.806780294,1256.820647,0.623311978,0.014293911,7802.356391,1.03101557,,0.237472358,0.712049411,9.784751645,10.05884085,3027.696195,39.83846945,10305.9849,34.30554947,0.16811449,,5059.392133,0.104164385,10560.29719,6748.172678,,14819.9717,0.349503973,19.10665198,34.69677727,0.098551344,0.663838031,96.53370987,3538.174855,88.86894643,0.37034827,16.37588481,1.376759399,26.51614298,1710.300002,,112.0686407,0.033496408,0.464017883,0.313089107,30.60225775,4847.103734,0.470704758,0.751363096,62.7328493,0.256630281,5349.063692,5817.564819,0.211497794,0.173611448,80.66361301,8616.794017,4392.467121,0.935226307,14.98811278,8253.778421,9423.108717,,23.79561634,7843.890127,5641.593113,45.79243262,4758.578681,0.844876747,1.111404731,130.4012537,154.5070982,,0.735147299,8931.887565,0.58933357,6428.859921,0.529603257,3057.391037,0.184440195,82.43884746,0.173390088,7026.590773,0.02723846,0.061584491,0.410716354,26.21997782,0.020385945,2.962389323,100.3650455,0.008317072,0.348372299,0.27174566,3522.860982,0.250407396,75.00708523,1.343452629,3497.468737,0.619542147,6076.354532,5317.070879,0.004976238
Sample_91,111.8609612,106.4215508,0.369204703,103.9738996,1104.449127,1.324460095,176.2500506,2650.409757,91.13438625,0.44961661,0.572456022,0.511448779,7413.960774,93.96173445,1.776324708,7531.925945,25.71151281,,0.696793759,0.112501004,0.19345725,,7367.498865,,10117.29264,0.183096793,1.512208699,,729.8987617,0.726345698,0.414603261,,7.020205717,102.3007002,0.660937396,5795.632459,18.07164163,7894.120431,7537.303989,0.785088119,95.94226704,0.155474806,109.5964026,31.85624735,99.12025204,79.21897175,9.79442775,5482.218364,0.762370535,9705.590113,98.18789079,0.361114094,10.12848076,0.087780059,4416.732377,,0.240613473,0.404494332,0.541835139,0.538515632,11.11385843,0.009935428,1.063248135,14432.46934,0.461957741,,37.80755259,0.979800466,2756.814224,1762.456598,38.58032309,0.559287073,0.28214036,3762.170505,0.387965121,6509.126208,0.805877349,1239.453004,0.451286483,94.11630883,0.797324158,0.645135738,21.02252957,0.702337548,39.57936831,0.656360549,5446.518302,12237.98265,0.579157994,,0.167449584,2942.070901,0.95853009,2975.815514,22.85531846,8021.310906,2541.020493,37.80675033,7787.981427,0.730823225,0.320638216,2191.134437,0.307884829,14744.84982,0.229865941,,10819.93615,0.324322031,1192.247081,0.335031517,0.948688752,17.90236015,70.06108698,11944.24359,42.90897518,1997.68591,71.08785613,0.015126749,17663.5538,5606.988753,0.088197367,9526.58128,851.0343807,64.07331086,554.8548585,0.689176872,43.92451506,73.85950088,1.689501299,0.286758646,93.65977501,3872.795807,92.74113038,0.14085764,106.6860493,,8.703153831,5584.972839,47.86003903,154.7513274,0.119052467,0.885649245,0.092064263,95.66146181,6073.921196,0.746709476,0.013929307,57.59616158,1.610522566,885.5189293,5941.004435,0.666714106,,17.38362088,2606.953751,34012.86205,0.987808913,6.966528317,3631.486044,6943.167653,16.58769651,,10684.87666,13663.36464,62.02546223,3558.534022,0.470314994,0.228555383,154.0860379,152.8593167,104.5042867,,2040.776169,0.155793831,656.2675453,1.57879138,1973.764294,0.615855516,30.23078228,1.41605008,5113.651642,0.034948515,,0.02233992,1.267663463,0.717763717,142.6295431,71.46977515,0.207930606,0.478499954,0.387392723,3619.114708,0.635369433,83.64984735,0.004853162,9050.536712,0.603845675,4864.538029,3392.875944,0.112154778
Sample_92,19.35014604,182.5609733,0.5970222,64.53698233,10063.9046,63.05467666,181.100617,2423.708046,88.80673311,0.276642829,0.154715402,0.608343314,2181.85773,77.51921534,0.233694171,5318.733787,138.0633371,7083.154586,0.244683636,0.626417647,0.779649355,15320.64948,1035.831775,0.425198787,,0.583320297,0.731888878,30.50717108,,0.648901866,0.167090065,4731.715608,,,0.157488205,,4.439867866,,1875.474715,1.008764019,82.59999352,0.22532334,17.01766689,45.48349264,34.81340168,49.21006492,55.42847442,,0.888382859,4575.777619,79.46594842,0.684281179,39.29295567,0.395874286,10866.65334,0.017989251,0.828788824,0.317154271,0.596346663,0.043608111,138.2465531,,0.231594367,3710.903333,1.636033088,4994.230714,25.52919111,0.111417833,4902.380812,1444.964976,130.5547056,0.063287423,0.64788128,6100.492885,0.522845735,19301.51399,0.197977156,5002.948537,0.524672588,,0.114960271,1.343671502,52.74346846,0.512206925,78.87128515,0.777488743,1573.480569,14297.00493,0.020684213,1.735580506,0.134681541,1713.2383,0.038236791,,,242.6269844,3686.986047,13.37771747,5098.960679,0.38201878,0.199583133,362.3762883,0.436258878,9501.030421,0.549177606,0.724701878,1229.102102,0.008675984,365.8694015,0.149512513,0.118561423,,191.5362443,102.5231339,,8299.862398,63.48541836,0.250094263,15247.5812,8084.819397,0.656378375,4127.591618,14391.87088,10.2629583,3216.128926,0.536708486,46.53083023,44.82099759,0.291924478,0.889837607,,12808.32197,44.40347595,0.847964295,44.51445825,0.612067553,8.172380128,4696.149303,,137.2982371,0.432835282,0.850988851,0.076234993,29.67381323,3410.854259,0.865800837,0.507383566,12.32237798,1.743498574,3536.947595,4876.508506,0.040872872,0.451951452,29.00701178,2388.154618,6676.643622,0.406811323,42.08082297,1277.416369,6134.632187,30.19864505,15.9607082,9525.025223,4495.573558,62.42515865,6140.627039,1.160700825,0.71107181,52.61427486,47.79809873,,0.435086059,4426.366298,0.383489599,3550.250991,0.056052177,4776.798881,0.303800355,52.72172054,0.351139546,13155.08537,0.351079144,0.252543616,0.428760874,63.72202561,0.49439961,25.33413838,51.39710961,0.89448247,1.375415379,0.001243645,9374.395617,,87.39254975,0.444291457,1912.99362,0.601107022,394.6416799,9864.227449,0.505408454
Sample_93,,71.33073506,0.867040297,84.47074967,9994.165622,72.35044995,67.64777803,3774.335879,71.36897618,0.146211253,0.095846369,0.672408047,2322.939363,54.22873306,0.02473573,2098.634076,68.57983648,363.586703,0.6364968,0.649085725,0.709731183,,3288.159951,,5077.016046,0.343179289,0.173794116,46.32185867,2322.608393,0.901306447,0.31962262,9675.027278,12.08931766,30.52763871,0.502630464,10952.55458,49.58735106,1417.322191,2905.037318,,70.40538495,0.55533141,10.19287104,37.32463999,101.5714161,9.8317338,13.89613247,3826.24521,0.305763536,10181.79364,51.06043352,0.787429138,75.2406346,0.095481615,637.4275815,1.356657947,0.850513028,1.070457163,0.835122747,0.233631077,9.689592159,1.103933671,,2857.637388,0.814715496,8676.452734,,0.38404826,,9075.833697,92.04840812,1.290026608,0.678978867,8021.8117,0.125721313,1351.353514,0.891155121,4561.840214,0.238697406,57.35808707,0.377510874,0.184626616,8.227263,0.976464608,43.07564629,0.070011289,10299.42958,6945.47741,0.360348377,0.402597153,0.72540756,,1.502925833,6576.790015,,876.3447566,1033.332655,67.57533388,1911.124372,0.276040199,0.799854619,3987.829728,0.334416526,11624.21477,0.147693517,0.382813418,607.2898514,0.380723778,,2.270230158,0.990954021,57.30466661,,2755.690544,20.9357512,10176.93971,42.86668436,,4505.008003,4581.793271,0.133981612,5383.290721,11916.19842,59.29904177,5090.124445,0.93994174,45.61175165,73.89037345,0.059092062,,113.1305741,13283.7259,20.35469597,0.136002583,93.6813858,0.024985433,54.55906532,,12.48614786,5.845067905,1.709351135,0.701271988,0.593272238,55.19852012,4093.397849,1.5327514,0.065167908,2.580634865,0.085339836,2896.401878,2817.846885,0.070337294,0.240739017,72.94461315,10469.23437,10572.99727,0.134301453,84.12237871,5803.385496,6778.842536,62.4720553,40.82127183,2056.274186,2137.340395,15.76254405,4099.503097,0.457259566,0.248780775,163.5082402,33.57218324,8.125153307,0.501312379,668.5905215,0.743693561,5724.601141,0.834906413,5549.231811,0.931867819,99.356698,0.775885038,10936.75233,0.402412176,0.042244968,0.633777275,90.92067495,,,46.61367663,0.368948407,0.259319547,,3455.171073,0.448719675,88.93169774,0.214428369,,0.111073503,5031.389269,9381.583331,0.940705442
Sample_94,,26.88784689,0.391301366,15.49804627,18272.80706,93.0458964,14.46606761,4896.167957,13.65154912,,0.133677351,0.888533431,4565.563759,49.05010338,0.625881256,1735.960277,68.44583973,393.6139706,0.309557898,1.020625663,0.509437352,7083.18284,4743.756087,1.073798487,1185.4165,0.13177265,0.571752537,,2583.794055,0.353903345,0.876176233,7172.01667,1.420596928,87.60585863,0.739403126,5354.235798,80.67773896,1963.173269,4974.382034,0.582335073,63.3472813,0.381869458,15.57177712,,136.0876122,,56.60462257,7685.2415,0.871407316,3648.520443,27.88919872,0.185258463,6.319364715,0.527478741,4320.410597,1.03750501,0.380696478,0.35283888,0.40479326,1.356526274,26.01280681,1.034315301,0.92499322,4412.183162,,5290.41599,18.97314444,0.248085174,2144.905217,8400.189801,96.15481679,1.215276574,,3357.101714,0.708636537,2998.877014,0.68897132,3968.632079,0.831554219,57.18208366,0.63146574,1.135894897,90.54881954,0.47886904,50.47066391,0.529030782,7043.081792,,0.001527339,,,1747.750442,0.145900621,1114.074199,,6831.477783,,3.654519382,7483.092956,0.618276935,0.602254779,2829.312961,,14316.16493,1.269133932,1.173799137,992.7695468,0.627403681,4107.05072,1.513409132,0.145427888,28.5779675,3.682090192,8045.944883,55.58909211,6175.934079,6.656537417,4.174432275,11691.88177,2306.586119,0.765907856,4488.105476,13268.65933,88.38917725,5616.10311,0.784539716,57.75949241,41.35414138,0.221689383,0.811260378,65.87548291,2680.29029,60.46695293,1.367618244,,0.231562229,32.9862216,6042.906054,36.85598606,49.64797985,0.369103326,0.433076368,0.967929955,114.6483968,10691.48081,0.463817191,0.177916058,18.57077813,0.144799805,627.6101186,2551.766795,0.917531314,0.569254554,73.03582549,,3163.080129,0.527264333,74.24078225,7673.89452,5637.012475,6.477657998,158.3666314,,1751.814043,49.54256839,6957.003416,0.358792227,0.327754744,124.8871229,79.69920305,84.46125356,0.513972647,9988.661119,0.952666195,8068.737727,0.591842282,12829.09673,0.055919706,60.19652624,0.644550592,2323.208904,0.1916156,0.507085909,0.694543688,197.7217664,0.447688595,23.32095804,1.855074838,0.003202645,0.911725407,0.331622853,7071.583174,0.089038545,77.79523322,0.27006699,9148.520789,0.553603827,3800.900562,1753.25018,0.845664111
Sample_95,63.5973165,43.85230231,,71.37138931,6111.757743,144.7136992,11.03112623,,92.42721095,,0.386740407,0.400440873,9844.161113,27.77130717,0.523839125,1004.572069,12.74538757,4587.70486,0.547678537,0.086104196,1.867591733,9211.880142,5837.810863,,12842.13937,0.132796866,,58.55459678,3507.229636,0.31157746,0.65469657,,,41.39407912,0.765620912,6088.0483,2.811573045,1943.706182,,0.978468976,76.32394665,0.021498825,60.05925372,59.94812426,33.93717054,34.82542054,5.319807658,,0.077854072,3955.777411,3.506733624,0.650260184,63.42887105,0.836929258,6599.608663,0.469140333,0.457498641,0.150226892,0.176217321,0.353626295,24.783522,0.42724221,0.043592779,3318.175895,0.411948237,2935.42423,41.49458868,0.218249412,2925.617189,2342.607553,20.28468277,0.125364721,0.584539019,6396.536002,1.176823866,5438.711123,0.160013262,3408.932094,0.158259956,15.93218881,0.082042743,0.525415146,55.23982833,0.797815554,,0.128928677,194.979726,1368.414145,1.140415287,0.111031387,,1460.561297,0.361799345,514.2360059,,7550.136392,7990.285206,9.053827415,9064.04103,0.872875454,0.040173077,7877.629516,0.667178365,,0.294390787,0.765886806,2755.511701,0.310067019,,1.03461319,,,84.07451367,5571.84244,25.18633851,405.1853541,,0.424895787,2524.601443,3283.108448,0.362383768,4580.06525,5253.188351,136.7465859,10078.05921,0.601590426,55.28140034,71.55378379,0.896412,0.387251183,38.2209001,5095.478173,81.9756478,0.579229614,52.91625074,0.319149359,67.48790195,6006.141551,45.1665542,40.07449808,0.799111018,0.519440182,0.465283561,0.993100424,8111.451436,1.149965558,0.445302799,78.16479692,0.214538251,613.4338966,211.7280067,,0.813544109,67.29876335,3951.803795,,0.355130627,3.631802606,3585.224204,4154.426164,64.39055128,78.91699847,5268.803204,5103.867634,25.66535582,3068.544335,0.096018073,1.769174875,49.45781204,12.69376113,49.0917334,0.294997109,7255.650871,0.453931662,,1.309734003,10466.86601,0.791218628,194.8154636,1.101052349,8272.277674,0.53501137,0.076586612,0.256956921,26.72595042,1.609604562,57.02065,58.40564686,0.274373643,,0.223465867,6938.178536,0.371535737,68.9746158,0.413655929,4806.91116,0.310390141,3175.525573,193.3752163,0.020486791
Sample_96,38.06441562,,0.372996247,34.29625428,9902.451329,83.2797132,,6563.354418,53.54922644,0.296167888,0.547294026,0.545244432,9771.603786,38.50059312,1.543749677,5173.779711,5.845610004,2720.072227,0.017040619,0.090426558,0.529717672,1980.50801,,0.82604388,4498.161277,0.10985676,0.16274172,77.08856905,,0.384563562,0.619751501,1699.754385,101.798153,48.01872275,0.13227019,2902.504942,55.10474508,4497.288079,657.6599476,0.284115064,15.07753811,0.767833152,31.86294602,85.48319294,137.6018784,3.626779082,55.43135103,7398.447102,,9011.962074,7.44111905,0.240777426,45.31631785,0.578867765,9363.814079,1.282329094,0.59598748,0.050693553,0.671070705,0.770753187,28.01109078,,0.234767478,5808.472149,,970.3756157,39.72804001,0.686750942,1531.883274,6471.967983,18.76305283,0.073167289,0.412071446,8558.995433,0.65092003,3539.84238,0.430249381,578.7215666,1.073363562,53.06633713,0.501676177,0.605769424,43.63487765,0.091018214,7.313516203,0.730208628,4900.254646,6860.999321,1.145782722,0.296877448,0.250336615,7024.794402,0.05349893,4271.952043,36.58617212,4288.34951,14925.41986,,7203.395142,0.57006934,0.898691961,2553.229318,1.075339074,17992.17969,0.179511564,0.682948439,1039.187528,0.139365228,4464.024436,0.351676889,1.752245985,4.004280023,18.16492011,8513.613854,28.30976461,3690.383126,124.3764577,0.058855934,14126.60006,8117.855343,,10556.19553,3803.119521,3.608695516,5826.941425,0.697241079,,36.93133777,0.189339922,0.219855868,95.67218274,10325.14409,1.662037339,0.984257852,41.70569524,0.319506424,8.971295679,37037.52146,163.5721177,4.837632864,,0.866016663,0.098974903,36.70353422,9623.30132,0.487870015,0.971920709,42.79482205,0.778803092,101.8156005,6149.862694,0.053177267,0.424984206,57.66461629,143.3373505,6794.325329,0.011758921,9.367339396,4640.409147,3994.092694,48.18735845,25.68460567,3599.349687,,8.204501472,3238.127698,0.376447552,1.336677468,25.68722762,66.39194948,101.5459523,0.758576883,15583.96047,,15214.13392,0.505020226,1364.931777,0.741331477,,0.505020794,,0.251786684,1.238789579,,48.77227573,1.3508219,13.10387511,33.32043984,,,1.195557669,10712.88583,0.681627031,6.522376167,,8765.513154,0.567391862,7278.98415,21377.27194,0.457894315
Sample_97,81.49576338,129.8877665,,62.49885278,2943.055391,50.35110328,88.53449404,4737.045163,82.58281868,0.335211602,0.830737545,1.104144962,2216.887008,84.65234127,1.727303435,3489.377056,71.09951964,448.8810931,0.052566748,0.270740724,1.05916563,4638.333324,,0.988278011,457.6652789,1.109959329,0.221978712,11.11385474,1961.784713,0.35765558,0.002819496,8896.949629,61.93947881,45.63494104,0.684458931,918.7123373,99.58963824,8830.927365,4815.099593,0.305497969,,0.931932994,53.54050318,45.18646447,29.67037226,,12.48028243,5337.670465,0.149880331,1618.660211,,0.743569741,1.236265987,1.058021773,2127.984559,1.335317814,,,,0.592586551,20.64746143,0.59062446,0.399532997,6443.88867,0.938103606,6535.322525,62.84695663,0.414422748,5016.768633,5954.746049,46.60920474,0.151973487,0.166135166,4355.026695,1.384588248,628.4883063,0.035943419,8096.962048,1.032542296,51.77528915,1.48249311,0.139850914,102.6472743,1.021080947,26.1641303,0.646670017,4533.341564,3669.470878,0.382439604,0.116058484,0.620283474,9414.494497,0.315647624,,70.06704961,7162.776426,6309.365931,34.47948858,11634.55084,0.106952745,,9647.908749,0.394609365,5958.70759,1.1414819,1.667369185,10789.27757,0.285954503,4627.770541,0.231918319,0.983677218,17.52354726,70.74587533,3579.881848,22.60901909,9799.512062,71.94725406,0.376911299,,7814.847239,0.479434786,10469.77377,6879.777445,26.52080269,5966.254049,1.134244375,,47.25497091,0.552158985,1.956751662,46.56384576,5038.178656,,1.593389933,3.602445678,0.077253575,30.4118829,6300.22972,9.753439649,159.1496289,,0.533870214,1.075000769,71.76407039,7317.280477,0.585853264,0.275576272,54.7479002,0.046950231,10183.05019,9622.397923,,0.924969922,57.10830985,1919.50957,1495.796185,0.127406401,24.41601062,1457.342122,6921.712943,79.88819746,21.92963537,1329.279284,2820.697469,82.39914189,1289.676675,0.874422353,0.391250013,61.95439569,44.9238624,45.68556454,0.127002041,207.7987051,0.479907483,3300.470805,0.8922162,2867.672605,0.001927737,115.196421,0.454974021,8369.128971,0.787631931,0.228325408,0.948668913,21.51954317,1.777528022,13.47509451,13.19466528,0.292502514,0.755815909,0.104348804,1209.050948,0.369853749,,0.202727064,231.081325,0.445136523,6910.946473,8484.635084,0.084059069
Sample_98,79.72031349,4.651504921,0.378175062,15.70518118,1711.462355,50.901869,80.56309157,1016.401129,5.553212637,1.489384102,0.896750855,0.390143921,11314.95569,,0.654885971,12554.21474,60.26995689,9711.24318,0.641880664,1.053328547,0.138140627,2222.489339,10415.7758,0.8530917,3187.992519,0.578601654,0.173910412,44.98589214,8129.426106,0.198939659,0.932564886,7796.226388,84.37219913,3.716882835,0.638159462,3686.349513,39.42988166,3886.657657,969.9619131,0.772456223,60.65308507,0.090466976,86.66732985,31.43770855,18.49821037,14.17386852,40.25867968,115.3158603,0.860086651,1777.325804,67.03148851,0.539739522,107.3294568,0.360785046,2964.847839,0.342519863,0.458835697,0.758932025,0.718210671,0.134426401,158.7823489,0.877856556,0.652702337,7525.12083,0.012479751,8483.726177,73.63941185,0.58579095,2878.45112,739.1386373,35.86221135,0.735598661,0.108813174,522.0467763,1.193202585,5796.123655,0.517337341,4796.185735,0.391222435,15.21360916,0.55123104,0.270621971,39.46462177,1.035817439,85.19591734,0.152690664,2099.680852,2852.23143,0.414885988,0.213897998,0.869273857,1886.401228,0.775355789,1871.709804,39.09853054,460.1746238,12630.83088,34.04965419,766.4958655,1.364835102,0.451078107,8194.350852,0.717818438,1601.830997,0.44405081,0.677201328,5490.382073,,2608.371945,0.402707807,1.371370857,60.47628529,32.02615046,7611.366716,102.2137514,9790.971052,10.82310013,,1280.993067,2905.713777,0.893061117,15086.15064,2318.076832,145.3996375,6827.196694,0.214062567,4.55135801,28.03564182,0.152332619,0.04980845,96.30467097,,27.21748134,2.212554206,32.0351036,0.257892997,132.5780798,,36.87383814,27.9028232,,0.670636506,0.766736384,116.608052,3303.378842,,0.064508218,130.8328464,0.394127692,8471.953623,,1.309929517,0.191527079,40.54349174,,1520.978265,0.207581865,19.13389805,5320.698899,3767.745606,24.09971484,60.4630683,4191.081234,7047.890249,20.77896721,211.5782578,0.450180344,0.459435162,31.52724275,115.2579555,73.11336884,0.753904208,1746.040151,0.578795251,9856.915326,1.121850707,1034.877546,0.7489556,124.2722279,0.068170081,1321.993131,0.34218314,0.349759013,0.055819184,229.2525894,,45.82852299,21.2114367,0.337088336,0.498751638,0.189646313,,0.290058101,55.05085454,0.026097734,8277.947982,0.950022393,2770.848464,3585.604818,0.722785189
Sample_99,26.85724231,,0.502124562,16.21953963,4714.400816,24.89265802,125.2358841,3110.959482,38.72547899,0.213753365,0.229240462,0.170191335,10851.89004,42.46159123,0.505825771,7747.856051,20.24323144,4209.245669,0.633998757,0.639473627,0.471867922,,10372.30847,0.678929462,12840.66049,,0.171657572,78.21087534,1820.985868,0.728488434,0.315839945,7227.518373,54.89367093,11.23282805,0.952331019,1945.934362,63.48181315,2100.629907,15102.68593,1.306427464,23.76265571,0.376903579,41.12343998,0.933127843,9.049442912,1.564077106,39.33138781,15537.8707,0.125513032,7500.833403,58.77518708,0.69594529,45.22388331,0.655099522,23678.94105,0.041063515,0.313635182,0.201851551,,0.530036524,64.03901166,0.00659652,0.939644386,10070.96556,0.313432304,5405.389406,35.10049626,0.122143919,10870.70929,9287.101949,59.5622968,0.265909615,0.261428444,5101.350487,0.46488483,7150.685902,0.053641898,2369.723221,0.426168445,23.24090753,0.192340989,0.009039855,35.83806043,0.788164408,68.51060303,0.151691314,6544.556469,1632.362803,0.233122687,0.554892932,0.647498125,8368.776698,0.335481522,8535.749243,40.98501397,,,,6224.418803,0.688108318,,6767.346027,0.348984543,2362.486064,0.216654875,0.168834426,,0.920712091,109.9622461,0.16414924,0.802675976,118.6631102,8.361758222,7835.737384,7.032874081,8882.266439,2.963113327,0.577908761,1669.487913,7898.905503,0.506563947,1871.473928,9370.468258,73.99730775,,0.739172475,109.52423,74.99983244,0.498605841,0.952856894,4.497422162,4913.708823,31.21712481,0.662750784,57.42901108,0.615065362,12.74669215,6761.147031,83.48401774,28.87255637,0.756358964,0.131480198,0.731232466,13.35776348,1396.787777,1.169821359,0.230223036,30.14523582,0.583104402,988.9043366,4270.183934,0.909295033,0.376910565,38.72444,1122.85928,6592.319091,0.562532793,47.60062694,8095.324995,3107.629916,,33.21419146,5837.488015,7104.636409,4.076311493,11773.49364,0.559893647,0.437123887,43.19379787,41.11541197,47.52457291,0.497015087,7532.306328,1.108291328,4607.777401,0.103687047,4458.200458,0.997840055,2.485119118,0.232435047,2258.895025,,0.088910757,0.569900144,46.88042328,0.463122679,45.65381491,25.98380293,0.35747288,0.643830727,0.389912777,4282.09755,1.6642196,85.5035213,1.351036577,6114.032733,0.545373722,7180.887688,1891.49459,0.14730856
Sample_100,35.26030132,102.2762759,0.919842399,49.98172555,3707.478607,86.98030068,53.39898955,2027.150224,21.36755333,,0.734939257,0.539297677,7205.021401,36.05466077,0.719750491,,33.56028352,7127.347957,0.542180423,1.338490789,0.092171754,5728.75503,4851.080428,,,2.021120408,0.581547108,5.313498378,,0.9382587,0.641958551,9504.725532,,2.215449526,0.226304551,4579.026095,,7902.597795,4273.641668,0.1336173,72.48128209,1.059340451,19.85241671,,1.199526852,87.93535044,8.249764784,11386.66159,0.628385645,5616.112112,71.20259051,0.613674125,57.94165481,0.233164318,3116.699977,0.431785124,0.403043951,0.541800328,0.316459678,0.225628067,81.19799333,0.815975977,,1971.511511,0.025263613,1016.362126,66.44447284,0.848827943,3448.024574,9606.689172,,0.231784999,0.465095296,6141.667688,0.03114157,3113.966352,0.921286156,6264.445743,0.089961241,18.04791181,1.798539964,0.058346566,75.76814975,1.240952503,104.1854247,0.450159361,8064.780334,13468.70997,0.005195983,0.763093196,0.596158518,870.3770636,1.037457693,6121.008987,14.74597455,3306.13713,12696.29782,34.88650827,10568.38367,0.349093219,0.230517927,1358.937382,0.534885019,7319.122777,0.829000666,0.672283814,321.7385433,0.362162203,9139.988123,0.421617995,0.404283484,30.31899962,36.46525314,10400.72561,23.32140233,3189.71254,35.99228487,1.276108057,2853.311214,6201.908173,0.757928089,5172.024182,7833.819104,88.90958869,11142.34048,0.589453458,85.62104156,6.090709971,0.449041717,,189.3423732,814.6640923,149.2939929,0.904499494,33.09476062,0.122583925,52.4323395,3871.495523,,3.518965819,1.141800718,0.243142419,0.387952534,,3996.097548,0.139239802,,20.41952688,0.744324075,4397.37795,1952.812822,0.37039621,1.10241687,12.71662139,4114.276253,1682.99943,0.588973406,78.66590595,5786.001461,7804.200437,14.6345249,28.13806872,5332.526357,2154.844238,45.97629993,4296.249607,0.41476593,1.356170798,83.4057614,11.46212938,78.8419249,0.874769423,1022.496072,0.909386274,16306.75408,0.850862258,3192.497276,0.713516723,103.3136036,0.252956117,4595.748616,0.643276719,0.656818141,0.53766022,116.08557,0.49985218,20.72980195,4.354047835,0.177910752,0.008388741,0.375870774,7744.282696,0.285492069,22.59168101,0.231653188,937.1608279,0.68069817,4182.098571,1093.139015,1.124964671
